graphweights1: 0.156789, 0.086206, 0.091235, 0.10584, 0.131925, 0.179991, 0.099796, 0.08852, 0.388391, 0.165187, 0.140358, 0.119978, 0.213911, 0.197126, 0.183128, 0.146099
shortest path1: 5.81666, 9.118753, 9.518702, 8.611103, 6.160609, 4.715548, 8.420327, 9.410695, 2.240882, 5.36367, 5.994792, 6.481116, 4.16603, 4.34488, 4.596445, 5.756699
cluster coeff.1: 0.15735, 0.089955, 0.10495, 0.110535, 0.132828, 0.184618, 0.103465, 0.088312, 0.371204, 0.169176, 0.157193, 0.120119, 0.213947, 0.194172, 0.176622, 0.154814
weighted degree1: 12.229331, 3.103228, 4.287827, 5.291784, 6.99183, 8.999341, 5.588383, 3.363545, 34.178242, 8.91992, 8.842333, 7.918364, 13.690126, 35.285304, 10.621246, 8.035249
normalized weighted degree1: 0.500835, 0.380223, 0.316755, 0.504033, 0.400091, 0.379315, 0.399915, 0.387158, 0.430322, 0.451296, 0.449139, 0.291437, 0.442628, 0.383097, 0.426983, 0.396691
node size: 77, 35, 46, 49, 52, 49, 55, 37, 87, 53, 62, 65, 63, 178, 57, 54
closeness centrality1: 0.172806, 0.111813, 0.106668, 0.117005, 0.16469, 0.216988, 0.119859, 0.109037, 0.453907, 0.188669, 0.169257, 0.156564, 0.241985, 0.233463, 0.22267, 0.175562
modularity: 0.027697, 0.070077, 0.125253, 0.029857, 0.068165, 0.036867, 0.044725, 0.04617, 0.022008, 0.031595, 0.036465, 0.091639, 0.037934, 0.034413, 0.025064, 0.069985
graphweights2: 0.0058658671, 0.004108541, 0.0046672297, 0.0027087027, 0.0085146489, 0.0133810152, 0.0037295137, 0.0041252503, 0.0569952545, 0.0080595573, 0.0064466159, 0.0086872724, 0.0137012913, 
               0.0123500908, 0.0153698328, 0.0079184911
shortest path2: 2.5728935218, 9.9400026659, 9.9707930618, 6.5469090769, 4.0044262427, 2.4817082565, 6.5284923947, 12.5428661313, 0.4655986563, 2.6549783108, 2.6448028934, 4.3310661703, 1.4956693174, 
                1.2806581776, 2.3356292672, 2.8814951436
cluster coeff.2: 1.37346e-05, 6.79374e-05, 0.0002233223, 7.5368e-06, 0.0001585973, 0.0002227478, 2.79491e-05, 4.99316e-05, 0.000806024, 3.14034e-05, 0.0001605328, 0.0001564511, 3.84718e-05, 0.0001228655, 
                0.0004649706, 0.000112478
weighted degree2: 1.199124797, 0.3454886622, 0.7168574822, 0.3562443134, 1.6965334892, 2.6879027189, 0.6752023067, 0.3725511452, 23.7491259874, 1.3041742309, 3.9908620272, 2.3276037009, 2.0541095326, 
                  29.1092381614, 3.8894170417, 1.9934053443
normalized weighted degree2: 0.0020111706, 0.0051865953, 0.0039120482, 0.0032319243, 0.0055551758, 0.0047752114, 0.0034577687, 0.0049359257, 0.0037647347, 0.0033383935, 0.0102966194, 0.0031530254, 
                             0.0021472684, 0.0034313239, 0.0062857254, 0.0048584842
closeness centrality2: 0.0001509051, 0.0002501699, 0.0001794827, 0.0001020397, 0.0003885799, 0.0010402626, 0.000125663, 0.0002865742, 0.0032524364, 0.0004171111, 0.0004690895, 0.0003429284, 0.0004570023, 
                       0.0007655778, 0.0010986006, 0.0003302854
graphweights3: 1.60119e-05, 0.0002219421, 0.000723827, 1.39393e-05, 0.0005195586, 0.0013136634, 0.0001724296, 0.0001990451, 0.0060665402, 0.0002917485, 0.0001595125, 0.0011572937, 0.0005591276, 
               0.0006895578, 0.0008218293, 0.0005221381
shortest path3: -2.1616185618, -14.5260359497, -19.4624910639, -10.1553503873, -3.1839327192, -0.8500098174, -8.3329093432, -4.4541923901, -0.0846076765, -1.8821089162, -3.7078949576, -3.325072659, 
                -0.8984616173, -0.3403626571, -0.8688266648, -3.2891412031
cluster coeff.3: -3.28e-08, -1.6e-09, 5.2922e-06, -4.1e-09, -2.587e-07, -3.1857e-06, 2e-10, -1.218e-07, -6.7687e-06, -2.9e-08, -1.1406e-06, -1.3025e-06, 4.54e-08, -6.202e-07, -5.0159e-06, -6.151e-07
weighted degree3: 0.2139165343, 0.0883106805, 0.4272372274, -0.0264159776, 1.2661012897, 0.798656701, -0.085536293, -0.0580032363, 18.0431938753, 0.9172296817, 7.7347881691, 3.1702043751, -0.1225752484, 
                  30.6346775547, 3.7365296052, 1.2342011003
normalized weighted degree3: 1.46934e-05, 0.0001624374, 0.0001722369, -2.28264e-05, 0.000237231, 5.98038e-05, -3.13468e-05, -8.84558e-05, 3.60117e-05, 0.0001187903, 0.0010136554, 0.0001580574, 
                            -4.1428e-06, 3.92066e-05, 0.0002427587, 0.0001485059
closeness centrality3: -1.346e-07, 1.6975e-06, 1.2972e-06, 4.21e-08, 1.68e-06, 2.148e-07, -4.645e-07, -4.419e-07, -7.20415e-05, 1.0303e-06, 1.26311e-05, -1.0493e-06, -1.4293e-06, 3.7276e-06, -3.5972e-06, 
                       2.1149e-06
graphweights4: 8.17959e-05, 5.51736e-05, 0.0002864462, 2.04303e-05, 0.0001828814, 0.0006931676, 4.97848e-05, 5.18059e-05, 0.0076465816, 0.0001893716, 9.72455e-05, 0.0004282775, 0.0005617143, 0.0004230859, 
               0.0005084994, 0.0002182415
shortest path4: 24.5749229169, 347.524587132, 338.55520141, 167.500739759, 54.9587463706, 21.912793395, 164.814896009, 493.286631949, 0.6979106386, 27.7685922259, 29.9703021436, 63.6272069114,  
                8.5526238197, 5.8780305953, 16.9463135574, 34.6061293466
cluster coeff.4: 5e-10, 8.9e-09, 2.259e-07, 1e-10, 5.18e-08, 1.287e-07, 1.4e-09, 7.6e-09, 1.3957e-06, 2.5e-09, 5.44e-08, 5.41e-08, 2.8e-09, 3.2e-08, 4.671e-07, 2.57e-08
weighted degree4: 4.2707981242, 0.2804657201, 1.3869183817, 0.3224949007, 8.1791783513, 21.9547113788, 1.3603751751, 0.3127669563, 1299.42150016, 5.0185757801, 54.5882332362, 21.2674047664, 14.6528647088, 
                  2517.09709254, 32.3825455091, 11.3088532299
normalized weighted degree4: 1.20137e-05, 6.32087e-05, 4.13041e-05, 2.6543e-05, 8.76961e-05, 6.92924e-05, 3.56765e-05, 5.49018e-05, 3.2653e-05, 3.2884e-05, 0.0003633749, 3.90258e-05, 1.60121e-05, 
                             3.49753e-05, 8.45771e-05, 6.71783e-05
closeness centrality4: 6.32e-08, 1.355e-07, 9.05e-08, 2.19e-08, 4.554e-07, 2.4473e-06, 4.45e-08, 2.06e-07, 2.22316e-05, 4.966e-07, 9.682e-07, 2.469e-07, 6.676e-07, 1.7991e-06, 2.3076e-06, 3.333e-07
mean across time: 9913.8173828125, 9654.837890625, 10694.208984375, 10681.4150390625, 11029.7548828125, 10670.7333984375, 9798.173828125, 10690.7998046875, 10391.77734375, 10061.513671875, 
                  10208.7275390625, 9943.861328125, 10306.818359375, 9743.7529296875, 10764.673828125, 10233.83984375]
std across time:  19936012.0, 19328636.0, 14837969.0, 16212332.0, 13228608.0, 16892854.0, 20218600.0, 17882734.0, 18650284.0, 16407197.0, 21375218.0, 23033702.0, 15302281.0, 16956824.0, 24816636.0, 
                  19535828.0


 

