graphweights1: 0.093183, 0.118689, 0.312074, 0.12, 0.087757, 0.080439, 0.114592, 0.062894, 0.13825, 0.116922, 0.175948, 0.094774, 0.157484, 0.190839
shortest path1: 9.103612, 7.375935, 2.535203, 7.45051, 10.075861, 10.490123, 7.776894, 13.271955, 6.447528, 7.42316, 5.079967, 8.664043, 5.092995, 4.216794
cluster coeff1.: 0.097707, 0.131598, 0.391839, 0.121576, 0.093308, 0.081366, 0.121088, 0.067575, 0.142515, 0.126484, 0.176186, 0.103385, 0.174092, 0.191555
weighted degree1: 3.820298, 7.002473, 13.731056, 11.519771, 4.212129, 3.619576, 5.729389, 2.389788, 7.327032, 5.378198, 8.797218, 5.496673, 11.811131, 19.083673
normalized weighted degree1: 0.400615, 0.429749, 0.439992, 0.421583, 0.503307, 0.324603, 0.424716, 0.389234, 0.460287, 0.448603, 0.549057, 0.36545, 0.409407, 0.297297
node size: 40, 58, 43, 95, 47, 44, 49, 37, 52, 45, 49, 57, 74, 99
closeness centrality1: 0.112108, 0.137464, 0.406036, 0.136261, 0.100319, 0.097114, 0.130854, 0.076481, 0.156805, 0.136733, 0.197745, 0.11737, 0.19929, 0.245536
modularity: 0.058965, 0.052168, 0.007607, 0.034019, 0.034011, 0.093777, 0.042767, 0.077636, 0.054921, 0.037562, 0.012102, 0.085988, 0.031073, 0.067478
graphweights2: 0.0040607263, 0.0047952838, 0.04833209, 0.0040889868, 0.002241388, 0.0036941546, 0.0043526255, 0.001828435, 0.0058639474, 0.0046162358, 0.0074747289, 0.004793367, 0.0096049063, 0.0233467183
shortest path2: 10.8380274417, 4.9913332487, 0.5984002408, 4.61560289, 9.3686208004, 14.4621456264, 6.052911248, 21.9411244044, 4.079751291, 5.3332396629, 2.1589740413, 8.2249726241, 2.0001296781, 
                2.3576726152
cluster coeff.2: 2.13327e-05, 6.31885e-05, 0.0044874926, 1.77743e-05, 2.42996e-05, 2.39139e-05, 2.53865e-05, 1.03525e-05, 3.27811e-05, 4.72581e-05, 3.19652e-05, 0.0001729877, 0.0003313757, 0.0004819587
weighted degree2: 0.4488957403, 2.175240703, 22.7027849007, 2.400620655, 0.4640209179, 0.3594366738, 0.7938123536, 0.1566099961, 0.8855290364, 0.970615806, 0.4538447923, 2.0327719677, 8.6575664441, 
                  22.8120205891
normalized weighted degree2: 0.0049363361, 0.0081928506, 0.0233110338, 0.0032151594, 0.0066252241, 0.0028907641, 0.0043621241, 0.0041545305, 0.0034946566, 0.0067530226, 0.0017678781, 0.0089855392, 
                             0.0104021437, 0.0055363219
closeness centrality2: 0.0002243311, 0.0002591223, 0.0058115884, 0.000259823, 0.0001056216, 0.0001643131, 0.000309211, 9.16749e-05, 0.0002556916, 0.0002864958, 0.0001699167, 0.0002294938, 0.0005753178, 
                       0.0018223388
graphweights3: 0.0001940198, 0.0001557431, 0.0038804292, 0.0001167198, 1.2777e-05, 0.0003197557, 0.0001893454, 7.66799e-05, 0.0001277817, 0.0001509309, -0.0001765842, 0.0002799528, 0.0003618621, 
               0.0035716035
shortest path3: -5.4566066839, -5.8430424094, -0.4297221591, -1.3762030965, -18.1068973993, -17.7258527306, -7.5014905009, -33.5352537597, -3.1537778041, -6.7245692392, -1.6870628608, -9.2911670882,  
                -0.9236259959, 0.9554918153
cluster coeff.3: 1.59e-08, -4.104e-07, -0.000334836, -3.89e-08, -6.48e-08, 3.49e-08, -1.59e-08, 5.8e-09, -9.72e-08, -1.995e-07, -1.528e-07, -3.2145e-06, -6.3351e-06, -4.0862e-06
weighted degree3: -0.1813624312, -0.3682004578, 106.753382327, 1.1882442725, 0.0940624041, 0.0088825769, 0.2144542498, 0.0744121627, -0.0944840856, 0.5760193813, 0.1024034405, 1.728650829, 16.2479345386, 
                  47.62245121
normalized weighted degree3: -0.0002091396, -8.51091e-05, 0.0035124103, 5.82404e-05, 0.0001604762, 6.4066e-06, 8.73584e-05, 0.0003215123, -2.3424e-05, 0.0003342823, 2.48961e-05, 0.0005080313, 
                             0.0006766883, 0.0001800521
closeness centrality3: -2.115e-06, 3.381e-07, 0.0006024114, -1.4108e-06, 3.04e-08, -4.971e-07, 2.6606e-06, 5.934e-07, -8.1e-07, 2.3729e-06, -9.533e-07, 6.517e-07, 3.9421e-06, -3.27765e-05
graphweights4: 5.04574e-05, 6.27714e-05, 0.0044109664, 4.99657e-05, 1.11667e-05, 7.66052e-05, 7.78606e-05, 1.43531e-05, 9.01227e-05, 7.36894e-05, 0.0001319244, 6.81811e-05, 0.0002342188, 0.0019253802
shortest path4: 397.276355581, 91.6141494564, 1.2980566488, 80.413787931, 326.655143254, 633.785540068, 132.341673571, 1645.11107662, 59.9131782757, 111.300947068, 19.5837735061, 215.548960179, 
                17.4298231709, 16.7516138826
cluster coeff.4: 1.3e-09, 1.05e-08, 5.504e-05, 7e-10, 1.2e-09, 2e-09, 1.3e-09, 3e-10, 2.9e-09, 5.2e-09, 2.8e-09, 1.032e-07, 2.949e-07, 4.537e-07
weighted degree4: 0.5391985856, 9.3326618095, 1326.45944636, 18.5229735988, 0.4997102367, 0.3004486944, 1.6121087195, 0.1219084351, 2.4597417551, 2.9603173589, 0.6830884478, 8.5332333279, 239.550136984, 
                  1298.30869989
normalized weighted degree4: 6.52029e-05, 0.0001323918, 0.0013984881, 3.32253e-05, 0.0001018695, 1.94335e-05, 4.86805e-05, 8.57904e-05, 3.83083e-05, 0.0001432979, 1.03649e-05, 0.0001667342, 0.0003458203, 
                             7.64704e-05
closeness centrality4: 1.533e-07, 1.204e-07, 0.0001179432, 1.992e-07, 3.19e-08, 5.9e-08, 2.408e-07, 2.81e-08, 2.094e-07, 2.278e-07, 9.38e-08, 1.219e-07, 1.6077e-06, 8.2405e-06
mean across time: 10577.560546875, 10818.4580078125, 10241.8642578125, 10328.2060546875, 10428.9599609375, 10424.630859375, 10378.345703125, 10444.646484375, 9826.568359375, 10278.28125, 10458.87890625, 
                  10176.5009765625, 10721.3828125, 9846.9853515625
std across time: 13371332.0, 16248488.0, 20203232.0, 17373236.0, 16502865.0, 15445516.0, 18782182.0, 19369436.0, 19844386.0, 20459546.0, 19583744.0, 18891198.0, 23287794.0, 16049917.0]



