0.884731086519, 0.846122496025, 0.849027278233, 0.845480409901, 0.871146408004, 0.870582406286, 0.858554325427, 0.866038039582, 0.841690847869, 0.857737081254, 0.857506330642, 0.876301409027, 0.879121228497, 0.849363784977
0.002101773657, 0.001187833588, 0.001383212288, 0.002184512531, 0.002778030472, 0.001902397685, 0.001678445824, 0.002058490823, 0.001525033372, 0.001819756367, 0.001290557175, 0.003959249677, 0.001872842108, 0.001579281863
-5.20956e-07, 2.8899799e-05, 6.551124e-05, 0.000103197325, 0.000126741955, -2.2011051e-05, 4.165163e-06, 4.1275783e-05, 6.8526141e-05, 4.5236834e-05, 8.966019e-06, 8.3728184e-05, -2.481646e-06, 4.6595081e-05
8.695596e-06, 3.440857e-06, 8.121009e-06, 1.177706e-05, 1.8060437e-05, 6.71279e-06, 4.333543e-06, 1.1048702e-05, 8.357438e-06, 7.360426e-06, 3.284712e-06, 2.2731464e-05, 6.114065e-06, 6.011616e-06
0.004755763083, 0.006491302107, 0.004632111807, 0.003915408798, 0.002457919733, 0.002848478561, 0.002137640919, 0.009219263998, 0.002407713177, 0.005051041346, 0.00775523785, 0.004392143163, 0.003746619, 0.003246825057
0.004024282104, 0.004218371729, 0.003560568478, 0.003101825495, 0.002013360913, 0.002348851633, 0.001834890367, 0.006562387316, 0.001792761089, 0.003762404587, 0.00610078044, 0.003464367954, 0.002936951407, 0.002425637266
0.003474650153, 0.003127430636, 0.002863286782, 0.002530391683, 0.001701929675, 0.001987261474, 0.001574685654, 0.005109835851, 0.001420370627, 0.002999253386, 0.004945270013, 0.002880717949, 0.002425506623, 0.001918899098
0.003056379001, 0.00250173838, 0.00237839228, 0.00211555766, 0.001472074779, 0.001714459494, 0.001357828164, 0.004240254656, 0.001167216781, 0.002498639272, 0.004138766979, 0.002487386725, 0.002077705856, 0.001579667506
0.0404018503, 0.045335180559, 0.064416893183, 0.043831375988, 0.033566398356, 0.022478451786, 0.029683798556, 0.10323055068, 0.0, 0.0, 0.088576921897, 0.021072464622, 0.040487145645, 0.03983714749
0.036737023339, 0.029891631334, 0.044187312529, 0.03244243162, 0.026866465444, 0.017713856514, 0.026800957331, 0.066119467136, 0.0, 0.0, 0.068179109055, 0.015708464776, 0.033436434294, 0.032485478898
0.031930013876, 0.020553418522, 0.030609920697, 0.024324185698, 0.021402559135, 0.01455876916, 0.02347232014, 0.039970768745, 0.0, 0.0, 0.048150235969, 0.012200005563, 0.027284310181, 0.026188521972
0.029110818827, 0.016166022186, 0.025146024823, 0.019904140465, 0.018171716445, 0.012652108149, 0.021341581264, 0.030521703561, 0.0, 0.0, 0.039909615838, 0.009980160912, 0.023615776235, 0.022400420258
0.414129444753, 0.378054732267, 0.361288203504, 0.323801008047, 0.203885329533, 0.240799388973, 0.200938246376, 0.608069261834, 0.179083159121, 0.364994502661, 0.62032372855, 0.335604794946, 0.28057060484, 0.234930408611
0.454389751771, 0.614341315617, 0.563751025813, 0.336928487066, 0.380226919374, 0.245813738277, 0.178915743386, 1.006600337, 0.177712809514, 0.349117778571, 3.40610912696, 0.34340590273, 0.386675610023, 0.352131482234
0.585698923148, 1.19295163125, 0.950658789375, 0.370216138194, 0.850992642649, 0.272612966548, 0.152010412884, 2.05242809958, 0.208602950296, 0.308922688238, 18.7044086825, 0.339133858842, 0.81586364586, 0.790403548655
1.36804826393, 3.55948313038, 2.31799535813, 0.701393925594, 2.34952971108, 0.49309888313, 0.198835265326, 7.36263215515, 0.384085419525, 0.541783975834, 122.1350779, 0.603714197778, 2.80684296646, 2.68826758891
0.002288412349, 0.002200248475, 0.00201499874, 0.001830332517, 0.001108743187, 0.00136681382, 0.001165401731, 0.003277029308, 0.001018374079, 0.002047087523, 0.003565472481, 0.001825004747, 0.001577488838, 0.00133770611
1.3874741e-05, 2.0808646e-05, 1.7535952e-05, 1.0765677e-05, 1.1244311e-05, 7.919798e-06, 6.018311e-06, 2.9235574e-05, 5.746771e-06, 1.0981765e-05, 0.000112526795, 1.0154989e-05, 1.2223485e-05, 1.141689e-05
9.8825e-08, 2.35166e-07, 1.64925e-07, 6.6867e-08, 1.36855e-07, 4.9855e-08, 2.9656e-08, 3.21255e-07, 3.836e-08, 5.45e-08, 3.551731e-06, 5.4535e-08, 1.45007e-07, 1.45919e-07
1.276e-09, 4.084e-09, 2.243e-09, 7.16e-10, 2.055e-09, 5.12e-10, 2.25e-10, 6.211e-09, 4.02e-10, 5.36e-10, 1.33302e-07, 5.28e-10, 2.805e-09, 2.826e-09
0.873016394512, 0.686213994312, 0.754409650624, 0.862654616658, 0.561663968926, 0.841577062622, 0.860000337627, 0.783168220489, 0.782037241794, 0.855547627401, 0.055346098266, 0.862944585787, 0.752604754219, 0.679285765057
94, 94, 94, 94, 94, 94, 94, 94, 94, 94, 94, 94, 94, 94
