0.886601530116, 0.87285005239, 0.860335099327, 0.857393398832, 0.854337880174, 0.858061883504, 0.863372008483, 0.868239236533, 0.875723364264, 0.872311171286, 0.838734386463, 0.842232194336, 0.883112774119, 0.864746311946, 0.86551388615, 0.861451019041, 0.903051008522, 0.852011693164, 0.858807329237, 0.855236518591, 0.861696597546, 0.835108311195, 0.852788102965, 0.839418346318, 0.859478598684, 0.876896869468
0.001007344001, 0.002724711021, 0.002165404189, 0.001446038617, 0.001248351489, 0.002178602862, 0.001322018471, 0.002149229975, 0.001940019717, 0.001742213578, 1.3502972e-05, 0.00065055509, 0.001125355938, 0.001504335091, 0.001927580723, 0.001782940824, 0.002202646155, 0.001670993812, 0.002297638195, 0.001555244727, 0.001488838178, 0.001360028787, 0.001952776727, 0.000673324863, 0.001516466676, 0.001237535426
1.1833576e-05, 1.9440417e-05, 4.0916233e-05, 2.521308e-06, -5.3247e-08, 4.9738202e-05, -2.6202177e-05, -5.201644e-06, -1.0532922e-05, -5.977685e-06, 0.0, 1.0699671e-05, 1.0829852e-05, 1.6637896e-05, 1.9397362e-05, -2.7080064e-05, -5.9257e-06, 2.8156702e-05, 7.5641587e-05, 5.2588015e-05, 1.1874457e-05, 7.3523443e-05, 7.2781596e-05, 6.605081e-06, -8.607643e-06, -4.346241e-05
3.082262e-06, 1.1359035e-05, 8.351236e-06, 3.658066e-06, 2.251387e-06, 9.025291e-06, 3.161839e-06, 8.335096e-06, 6.287463e-06, 6.784072e-06, 1.82e-10, 1.217209e-06, 2.500988e-06, 3.992321e-06, 7.704545e-06, 4.135839e-06, 6.391686e-06, 3.288004e-06, 1.1531015e-05, 7.976987e-06, 4.258391e-06, 7.978533e-06, 9.450593e-06, 1.017369e-06, 3.256405e-06, 4.668535e-06
0.002707264023, 0.004320361091, 0.004306357766, 0.003095448947, 0.002875351759, 0.004069209337, 0.002210208437, 0.003295134611, 0.005296209402, 0.003629130024, 0.000379689627, 0.006171528305, 0.004336055208, 0.006358780869, 0.002601088036, 0.001621925918, 0.002304077889, 0.000964250445, 0.003396842079, 0.002228102627, 0.006210480355, 0.003836009328, 0.004442534779, 0.00132999738, 0.003463501439, 0.001588620417
0.00235143468, 0.003332311179, 0.003287193095, 0.002566355063, 0.002183525726, 0.003317996209, 0.001784600378, 0.002692313303, 0.004103801085, 0.002921977118, 0.000318320695, 0.004458038296, 0.003099613706, 0.005087024186, 0.002128149867, 0.001276063795, 0.001948144493, 0.000822513996, 0.002788855408, 0.001780094181, 0.004906274854, 0.002842768678, 0.003696252222, 0.001115722143, 0.002808393181, 0.001305481934
0.002058120404, 0.002717071745, 0.002680105548, 0.002159347071, 0.001763317482, 0.002767288992, 0.001491932596, 0.002269149296, 0.003353428852, 0.002455437485, 0.000266755038, 0.00343188003, 0.002479783186, 0.004189067224, 0.001795006773, 0.00105379855, 0.001708384389, 0.000702457878, 0.002338274533, 0.001467495491, 0.004011087704, 0.002221764612, 0.003100931804, 0.000935389908, 0.002340952973, 0.001105834532
0.001817974272, 0.002308457269, 0.002266494945, 0.001842072288, 0.001473316313, 0.002356035953, 0.001273519079, 0.001954455612, 0.002852291236, 0.002116634751, 0.000223648274, 0.002770162785, 0.002105577309, 0.003549734207, 0.001543817135, 0.000894297527, 0.001530917676, 0.000602019935, 0.001997460319, 0.001237152481, 0.003381557087, 0.001802817693, 0.002637750689, 0.000786217287, 0.001991219576, 0.000955607777
0.0, 0.048815551205, 0.03028815334, 0.0220739011, 0.0, 0.0, 0.0, 0.0, 0.039813668635, 0.039448571101, 0.0, 0.081713434473, 0.036203465891, 0.088629322193, 0.0, 0.0, 0.0, 0.030829804128, 0.021595248055, 0.023077860764, 0.078287170995, 0.0, 0.069698401673, 0.0, 0.0, 0.024257193946
0.0, 0.039621498037, 0.027873119418, 0.017272090848, 0.0, 0.0, 0.0, 0.0, 0.030344029012, 0.035025067865, 0.0, 0.057809848059, 0.031124782904, 0.062803700508, 0.0, 0.0, 0.0, 0.028893319875, 0.016401350813, 0.018951305591, 0.058468496656, 0.0, 0.053702266891, 0.0, 0.0, 0.020724411875
0.0, 0.032421322163, 0.024850858971, 0.014084079845, 0.0, 0.0, 0.0, 0.0, 0.023475408258, 0.029725841189, 0.0, 0.039834393517, 0.026579734165, 0.041260683972, 0.0, 0.0, 0.0, 0.026245727276, 0.012969520618, 0.0163245741, 0.042681615781, 0.0, 0.038602750035, 0.0, 0.0, 0.018448313407
0.0, 0.029078273178, 0.02297593636, 0.012093323885, 0.0, 0.0, 0.0, 0.0, 0.0201664346, 0.026464287812, 0.0, 0.032474399544, 0.024188569466, 0.032541861699, 0.0, 0.0, 0.0, 0.024729604565, 0.010812476197, 0.014898349962, 0.036290461019, 0.0, 0.031251646201, 0.0, 0.0, 0.01732017901
0.245230210457, 0.315711721077, 0.32949003804, 0.273636191117, 0.21812882047, 0.346876080565, 0.183696172018, 0.277097628681, 0.391280652118, 0.29695699448, 0.035690824956, 0.430076014129, 0.281844502378, 0.515168015628, 0.220982268804, 0.128301215602, 0.192138512451, 0.090639541826, 0.292359941868, 0.181965216722, 0.495017194335, 0.284292191045, 0.399177409899, 0.125019753707, 0.292588459127, 0.13060166141
0.17365740337, 0.694230312571, 0.302635145654, 0.231364577366, 0.199712723754, 0.23796626535, 0.155561828668, 0.209065135126, 0.652117307454, 0.414890539829, 0.02866186178, 0.720651613743, 0.490179433473, 1.08881161022, 0.172064459216, 0.124997374787, 0.168561681758, 0.117876769181, 0.257091771826, 0.219486330671, 0.926755505301, 0.273089653666, 0.508650677356, 0.089414218523, 0.212320154237, 0.18176415735
0.093001746616, 2.18441058111, 0.240783261151, 0.201470131909, 0.172663401145, 0.11880328933, 0.123029190779, 0.127532920722, 1.44243361416, 0.642530343395, 0.021994701428, 1.27646260697, 1.00022676198, 3.02178591736, 0.114379183495, 0.12389912543, 0.135023484183, 0.161232045459, 0.233605904053, 0.303277855455, 2.03398573928, 0.266241642249, 0.698227399692, 0.052855652563, 0.123215079089, 0.295778743049
0.099959928496, 9.18461050427, 0.35448538728, 0.349065437652, 0.230822450501, 0.166974798915, 0.149252208535, 0.159716806162, 4.46528070041, 1.41954525607, 0.017700324759, 3.38167826056, 2.68639175589, 12.4455046335, 0.131621780479, 0.162262753179, 0.164614304983, 0.25351409509, 0.412738325407, 0.586610326819, 6.72445434616, 0.452758667299, 1.53057452419, 0.039311777047, 0.160158736977, 0.613675430296
0.001373917773, 0.001765562001, 0.001856449758, 0.001571169898, 0.001289404275, 0.001944527487, 0.001084501928, 0.001548964169, 0.002201605389, 0.001671274684, 0.000225359425, 0.002522292629, 0.001594787132, 0.002908276445, 0.001240921319, 0.000754417139, 0.001064432701, 0.000532977059, 0.001636678144, 0.001022859111, 0.002816908503, 0.001612276887, 0.00223185114, 0.000750632849, 0.001699581475, 0.000761549536
5.450883e-06, 2.1711414e-05, 9.607296e-06, 7.627744e-06, 6.978432e-06, 7.478162e-06, 5.42205e-06, 6.532791e-06, 2.064562e-05, 1.3141414e-05, 1.142727e-06, 2.4787108e-05, 1.569428e-05, 3.4699749e-05, 5.425813e-06, 4.321778e-06, 5.173285e-06, 4.075772e-06, 8.057105e-06, 6.935254e-06, 3.0010283e-05, 8.783238e-06, 1.590077e-05, 3.223328e-06, 7.164086e-06, 6.180266e-06
1.6355e-08, 3.82042e-07, 4.3067e-08, 3.8138e-08, 3.5664e-08, 2.0929e-08, 2.5316e-08, 2.2277e-08, 2.5695e-07, 1.1454e-07, 5.537e-09, 2.57489e-07, 1.81208e-07, 5.43656e-07, 2.0254e-08, 2.5189e-08, 2.2957e-08, 3.2781e-08, 4.0985e-08, 5.3867e-08, 3.74805e-07, 4.8562e-08, 1.22038e-07, 1.144e-08, 2.415e-08, 5.8643e-08
9.8e-11, 8.983e-09, 3.57e-10, 3.79e-10, 2.82e-10, 1.65e-10, 1.81e-10, 1.56e-10, 4.476e-09, 1.424e-09, 2.8e-11, 4.001e-09, 2.754e-09, 1.264e-08, 1.31e-10, 1.94e-10, 1.55e-10, 3.03e-10, 4.05e-10, 5.86e-10, 7.051e-09, 4.68e-10, 1.496e-09, 5.1e-11, 1.82e-10, 7.09e-10
0.911589510808, 0.574012331804, 0.859727583911, 0.884840589248, 0.823150901228, 0.92607546012, 0.840044048387, 0.899924464239, 0.760541506849, 0.773582779494, 0.499990402669, 0.763302858248, 0.667850664398, 0.708827164737, 0.877554750672, 0.73317267155, 0.84449953688, 0.547351951554, 0.884142249845, 0.754853163623, 0.737632986512, 0.868320360093, 0.846363697591, 0.857006345499, 0.906892365025, 0.604738973931
94, 94, 94, 94, 94, 94, 94, 94, 94, 94, 94, 94, 94, 94, 94, 94, 94, 94, 94, 94, 94, 94, 94, 94, 94, 94
