0.841945558019, 0.869434817155, 0.853791616369, 0.831975016853, 0.852419797274, 0.870091770541, 0.855393642024, 0.866203718012, 0.862646484551, 0.857035561966, 0.862679457848, 0.871093417559, 0.879696043704, 0.843615882509, 0.858542541864, 0.857435169364
0.000909782864, 0.002040713764, 0.002369518908, 0.000530115854, 0.002047464007, 0.001876927227, 0.001647600853, 0.002416295551, 0.002729179003, 0.002333708522, 0.002300391155, 0.001736046746, 0.001528311559, 0.0011943997, 0.002018100433, 0.002229180571
2.08168e-05, 3.7058811e-05, 7.9589642e-05, 4.179655e-06, 4.3512358e-05, 2.7976721e-05, 4.7190187e-05, 9.1119038e-05, 7.6504671e-05, 7.5996299e-05, 7.1302048e-05, 1.9459913e-05, -2.7988258e-05, 3.4085802e-05, 6.093769e-05, 7.392043e-05
2.16514e-06, 8.599268e-06, 1.0845565e-05, 3.63026e-07, 8.901111e-06, 6.572005e-06, 6.404505e-06, 1.3153544e-05, 1.2316182e-05, 1.1161315e-05, 1.2273023e-05, 6.838436e-06, 4.417437e-06, 4.166988e-06, 9.291361e-06, 1.281425e-05
0.002003862275, 0.00507487406, 0.003382911302, 0.000941574261, 0.003602968762, 0.005536216609, 0.004805399966, 0.006281056433, 0.002929598758, 0.005178894847, 0.005488220309, 0.005496064758, 0.00278762893, 0.134464957268, 0.003495195077, 0.003745048202
0.001645110138, 0.004231937938, 0.002761717293, 0.000783079649, 0.002827978365, 0.004421444761, 0.003935317105, 0.004546172417, 0.002358271744, 0.004097339713, 0.004347956737, 0.004285628914, 0.002449338263, 0.042043501487, 0.002912962884, 0.002811326805
0.001364713367, 0.003591753797, 0.00230158139, 0.000651030502, 0.002312762054, 0.003667795733, 0.003281030988, 0.003592925027, 0.001962321651, 0.003361964476, 0.003580741767, 0.003531066567, 0.002149436027, 0.016051872383, 0.002459087832, 0.002256835778
0.001143337441, 0.003105010647, 0.001954538863, 0.000542284023, 0.00194463882, 0.003135455406, 0.002785743424, 0.003004134462, 0.001674666517, 0.002841104345, 0.003041274907, 0.003014772157, 0.001895830547, 0.011509478914, 0.00210576598, 0.001888034918
0.0, 0.079241619133, 0.021522264562, 0.0, 0.0, 0.076803353672, 0.039163561249, 0.041088333001, 0.020957436651, 0.043643556402, 0.035949045109, 0.063050885729, 0.0, 0.271567376504, 0.061065966621, 0.0
0.0, 0.067524066075, 0.01621939926, 0.0, 0.0, 0.055479073111, 0.034511858459, 0.025543659653, 0.015679632182, 0.032220411016, 0.025710164766, 0.05281407658, 0.0, 0.094097222116, 0.049802116141, 0.0
0.0, 0.052209235524, 0.012718294518, 0.0, 0.0, 0.038616342434, 0.029062626814, 0.017078939021, 0.012232086676, 0.024126140475, 0.018849919623, 0.042169392205, 0.0, 0.019416386587, 0.038734668016, 0.0
0.0, 0.04494670013, 0.010520733325, 0.0, 0.0, 0.031286906306, 0.025666304839, 0.013096699201, 0.010036625973, 0.019727826621, 0.015219476589, 0.036912958306, 0.0, 0.018871517219, 0.032986451516, 0.0
0.17913735277, 0.443966715143, 0.290652465147, 0.088507980516, 0.290185462902, 0.444302180702, 0.41859688865, 0.423886925836, 0.238604346791, 0.419400381388, 0.440517169965, 0.426279757529, 0.262037119401, 3.28471715956, 0.310536664078, 0.273649522137
0.134951942605, 0.642212327565, 0.2583762495, 0.06585916127, 0.225863979905, 0.506955467612, 0.420756961896, 0.539392101905, 0.255862273224, 0.38190963382, 0.598645767397, 0.552102137163, 0.162304807038, 17.6955085374, 0.43287499769, 0.255742036145
0.090956793354, 0.963680054281, 0.245430663628, 0.04322434626, 0.150852089675, 0.557972616228, 0.485866692124, 0.680299423801, 0.289789259726, 0.331998624716, 0.972986699882, 0.725745453069, 0.058392449978, 119.647528267, 0.665155997045, 0.220153119012
0.1001895, 2.23099766487, 0.447147054658, 0.032745900001, 0.205149273683, 1.15371299886, 1.07446619763, 1.45048085184, 0.509779840505, 0.642141009845, 2.61946423335, 1.60350777811, 0.047686663039, 1454.62226263, 1.4592517155, 0.315104852489
0.001056844758, 0.002465755888, 0.001631455284, 0.000545113396, 0.001627605384, 0.002474510849, 0.002375566788, 0.002352054687, 0.001338270625, 0.002324223517, 0.002436414387, 0.002369253796, 0.001505720141, 0.018592250719, 0.001754611086, 0.001507101895
4.697094e-06, 1.9809703e-05, 8.140572e-06, 2.498188e-06, 7.105488e-06, 1.5725036e-05, 1.3551077e-05, 1.6607313e-05, 8.048917e-06, 1.172894e-05, 1.8312454e-05, 1.7055057e-05, 5.35913e-06, 0.000566932069, 1.3819695e-05, 7.757074e-06
1.8677e-08, 1.65094e-07, 4.3404e-08, 1.0098e-08, 2.6618e-08, 9.6393e-08, 8.8804e-08, 1.16223e-07, 5.113e-08, 5.6505e-08, 1.64616e-07, 1.24605e-07, 1.1079e-08, 2.16973e-05, 1.19985e-07, 3.6776e-08
1.21e-10, 2.123e-09, 4.44e-10, 4.7e-11, 2.03e-10, 1.11e-09, 1.114e-09, 1.375e-09, 5.04e-10, 6.06e-10, 2.451e-09, 1.53e-09, 5.2e-11, 1.493091e-06, 1.487e-09, 2.9e-10
0.878622154608, 0.835421847968, 0.880617835503, 0.799846827705, 0.889210542593, 0.86929215865, 0.883606894868, 0.812267339052, 0.831490425616, 0.897196856238, 0.808373410784, 0.834149314483, 0.928430363795, 0.419229539484, 0.798426794129, 0.839735932528
94, 94, 94, 94, 94, 94, 94, 94, 94, 94, 94, 94, 94, 94, 94, 94
