42 0 55 28 54 48 39 25 23 44 17 8 9 13 60 50 31 60 17 9 24 0 18 44 6 27 35 39 29 9 12 78 20 49 75 68 21 52 23 53 2 5 0 72 16 11 19 47
31 1 66 25 72 67 39 23 17 55 17 6 6 14 63 39 29 80 21 11 19 0 9 34 4 36 27 38 31 5 6 70 17 57 48 74 21 43 25 40 1 6 0 47 16 8 25 45
42 0 61 30 69 59 34 30 15 54 21 4 5 15 58 51 33 66 15 8 17 0 16 48 4 22 24 37 34 8 9 93 17 52 78 71 19 31 23 43 0 0 0 44 13 13 29 43
47 0 36 25 43 57 43 28 24 57 17 7 6 11 41 55 34 66 11 7 28 0 23 45 2 40 24 34 32 13 5 79 18 51 64 64 13 27 24 51 1 3 0 49 12 6 33 31
38 1 49 21 68 63 29 33 10 49 16 8 12 20 67 43 27 82 22 11 27 0 17 48 2 23 39 37 41 11 7 84 21 48 58 63 26 42 25 47 1 2 0 49 13 8 36 38
38 2 58 23 73 63 53 27 18 56 13 12 3 15 52 44 30 83 16 6 26 0 29 27 7 36 32 45 34 6 6 87 17 50 72 71 14 38 18 46 1 6 0 63 22 10 30 54
36 1 54 26 65 55 37 26 16 64 16 11 11 12 55 50 33 71 21 9 15 0 19 30 4 35 28 46 40 5 7 72 15 59 74 69 18 43 26 45 0 3 1 56 14 5 31 37
31 0 64 29 52 62 35 33 16 57 11 8 7 15 51 38 31 63 16 7 20 0 16 37 3 37 33 40 32 12 9 73 22 54 59 59 25 47 23 47 1 0 0 50 27 11 28 43
33 0 73 26 48 59 39 33 21 49 21 16 16 15 53 42 30 72 20 14 23 0 26 34 5 29 18 34 25 7 6 76 18 65 70 63 18 35 23 45 3 5 0 56 20 6 24 36
27 0 46 27 65 73 50 28 16 62 16 12 5 21 54 51 24 73 15 12 13 0 25 48 4 25 20 50 36 6 6 72 19 45 59 79 29 42 25 51 0 3 0 50 23 7 42 45
37 2 50 30 64 48 36 26 9 61 22 12 9 10 67 44 33 74 22 13 29 0 19 42 1 40 32 32 31 7 6 66 15 47 57 58 20 45 30 48 2 1 0 48 12 9 30 32
44 2 61 22 69 53 40 32 21 52 19 12 5 15 50 42 29 58 22 6 25 0 18 27 3 31 31 31 25 13 6 71 28 44 64 77 22 35 34 53 1 1 0 48 16 11 36 45
39 1 55 30 52 80 33 30 26 57 21 10 3 18 59 45 30 82 23 12 28 0 16 45 4 22 34 34 38 4 9 77 26 56 51 82 19 48 32 58 3 7 1 57 23 9 39 39
32 3 64 32 43 55 37 32 25 70 23 16 10 18 62 63 22 80 29 7 19 0 36 38 2 37 36 35 33 9 10 83 17 56 59 64 23 36 26 49 3 2 4 43 11 4 24 36
42 0 65 29 54 59 42 31 28 63 22 11 12 12 60 53 33 60 19 5 23 0 25 39 5 36 28 61 40 8 9 67 20 65 56 65 26 39 25 56 5 5 0 56 20 8 37 40
35 1 70 23 59 62 38 29 21 46 26 16 11 15 69 46 31 55 16 9 22 0 18 42 4 36 39 54 33 8 8 77 28 59 55 63 23 41 33 53 1 5 0 51 12 7 39 35
39 0 46 27 54 66 36 38 30 61 16 23 9 12 56 53 24 68 20 5 26 0 23 34 1 33 38 48 37 5 9 83 22 60 62 84 19 44 30 51 6 2 3 54 18 12 29 57
30 1 50 31 55 63 35 28 28 43 14 20 11 12 59 60 26 84 19 11 25 0 19 35 5 32 38 45 40 12 3 74 27 60 58 54 28 46 22 52 2 6 0 55 25 6 38 44
32 0 50 32 56 49 44 31 22 53 21 12 11 15 53 55 41 63 28 13 23 0 34 39 4 34 38 38 35 7 3 67 19 50 67 71 25 36 26 63 2 9 2 48 26 11 30 53
40 2 61 24 56 58 41 35 19 70 24 15 17 17 55 52 22 87 24 10 27 0 32 35 7 28 23 31 33 11 13 57 21 71 46 54 22 39 28 57 5 6 2 64 20 8 37 43
39 0 59 32 46 61 37 25 25 56 28 24 19 25 57 53 37 75 24 8 22 1 28 45 7 39 27 43 40 4 7 74 38 46 55 64 19 40 17 48 3 4 2 49 19 8 30 45
30 0 59 27 68 64 44 32 25 48 24 18 15 12 63 53 39 62 23 13 34 0 24 38 6 48 39 51 42 10 10 54 38 73 60 61 21 41 28 37 4 7 2 65 22 19 32 46
48 1 47 40 49 48 29 35 23 47 31 18 13 18 56 51 29 71 21 11 32 0 35 35 12 45 39 44 37 9 14 62 22 59 52 55 26 40 30 44 2 9 3 53 21 7 43 40
45 3 55 36 73 56 43 37 29 61 27 24 9 18 49 58 30 68 29 8 31 0 27 45 7 45 36 63 47 7 7 66 31 61 62 52 18 39 22 52 3 12 1 61 32 15 46 52
45 0 45 34 51 51 45 38 25 50 22 19 13 19 40 37 39 68 24 16 21 0 30 49 11 46 34 47 44 8 11 55 17 61 66 60 22 29 26 45 2 12 2 56 24 8 43 35
34 2 42 33 70 57 33 41 29 58 14 17 15 14 45 53 48 72 23 16 31 0 36 36 4 35 28 55 35 10 7 59 26 57 43 58 17 48 23 49 5 6 2 43 22 8 37 38
40 1 45 33 49 59 46 50 29 66 30 30 17 10 42 58 31 61 31 9 29 0 33 47 9 31 27 36 42 7 9 62 36 50 60 60 29 34 22 48 3 10 1 57 32 7 34 41
41 1 57 29 52 58 53 50 24 53 30 17 10 19 51 50 31 70 32 17 21 0 38 46 7 41 49 47 37 10 8 50 35 71 57 68 25 42 28 63 3 5 1 54 29 13 52 66
52 6 49 41 68 58 55 42 21 66 34 15 18 20 57 57 36 54 28 13 29 0 32 59 11 42 38 44 50 9 14 57 34 67 57 59 17 42 31 47 3 14 1 39 23 13 43 55
52 3 33 42 56 61 48 40 23 48 39 28 16 12 39 48 42 57 24 12 28 0 27 54 11 48 47 54 47 7 14 67 17 52 69 67 26 37 30 59 4 8 1 49 21 10 36 47
41 1 47 35 59 62 40 40 25 78 39 25 16 30 50 46 29 70 31 16 20 0 32 44 12 55 32 47 45 7 12 45 33 57 60 51 17 31 32 52 8 8 1 58 30 7 40 51
37 2 55 31 62 65 52 50 23 52 47 25 22 21 49 49 40 58 28 15 26 1 44 42 9 40 42 56 37 4 13 67 38 71 48 61 25 38 19 63 9 15 2 65 29 6 37 53
44 0 44 44 68 51 48 54 22 50 40 38 21 22 61 47 38 53 24 12 26 1 32 44 18 43 54 51 49 14 16 58 41 46 53 44 37 36 25 63 5 9 2 49 33 12 43 38
50 1 36 36 46 50 46 53 27 64 42 31 21 15 66 52 43 55 26 17 34 1 44 50 12 44 35 55 46 9 19 56 37 55 46 49 24 35 29 52 9 15 2 50 42 11 40 53
41 4 57 38 58 46 44 48 35 60 42 36 14 23 50 64 35 58 27 25 29 0 26 45 16 42 43 43 54 8 18 45 40 59 57 53 21 54 31 62 8 15 2 64 25 11 33 42
48 5 38 41 49 50 43 36 27 58 53 38 20 16 56 49 43 58 16 14 28 1 27 57 12 49 34 68 55 7 11 65 44 56 53 55 24 40 22 60 13 15 4 57 35 18 39 46
51 1 43 50 51 67 51 43 36 62 40 34 24 23 47 58 37 60 27 11 31 1 39 47 18 50 48 46 54 2 20 53 38 59 60 47 36 41 37 56 16 16 4 61 32 17 46 48
53 7 49 48 63 67 45 50 39 68 48 39 34 26 51 47 47 68 32 14 36 0 49 46 27 46 43 47 55 6 26 50 37 60 49 44 28 34 36 49 23 15 1 49 19 10 41 51
43 3 35 35 49 52 45 46 37 59 54 35 28 30 56 59 46 65 33 27 31 0 47 52 13 39 30 52 48 6 16 47 48 52 50 52 28 44 43 50 12 12 9 61 22 17 48 37
42 4 45 48 61 48 45 38 30 46 43 40 25 27 57 52 38 55 27 20 38 1 44 46 14 46 42 59 72 9 28 49 42 52 45 44 27 29 33 54 7 20 4 66 26 23 56 42
48 4 45 36 64 51 49 53 31 55 47 50 28 27 54 64 45 54 32 17 31 0 55 49 20 41 46 45 49 17 26 57 45 48 53 64 29 51 38 48 11 19 4 55 36 15 58 48
45 6 47 39 66 52 56 53 45 57 53 49 30 31 44 52 46 68 35 21 42 0 45 45 15 59 51 54 54 6 21 48 47 56 61 66 31 35 50 52 9 10 5 54 33 12 48 41
54 3 46 46 53 69 50 65 49 47 53 47 21 21 42 50 50 55 37 23 39 2 58 59 25 40 51 49 53 11 35 45 46 52 60 44 29 33 25 56 12 13 6 69 29 12 46 47
46 3 44 38 50 55 51 48 43 56 45 35 30 26 58 46 45 64 32 20 41 2 55 48 26 53 59 58 67 14 24 40 38 49 46 52 27 48 37 69 11 22 4 58 26 10 53 57
55 6 39 37 61 48 52 45 41 58 61 47 28 33 52 55 49 53 29 26 32 0 45 60 18 63 51 57 57 12 28 57 40 51 31 48 27 44 38 51 8 15 8 65 36 20 48 53
46 4 38 50 59 50 52 53 51 59 58 59 31 37 51 56 54 58 44 21 39 1 49 50 27 62 54 54 62 8 23 45 44 57 47 48 39 32 45 59 21 29 10 56 32 25 49 59
58 5 49 52 56 60 54 50 52 62 60 40 31 26 51 57 54 32 38 30 33 3 51 51 26 53 38 58 63 12 34 43 49 49 40 50 24 34 38 54 11 14 10 41 38 18 49 53
52 7 47 60 56 53 56 73 60 55 65 73 31 23 65 63 45 46 36 21 42 2 52 54 30 71 51 57 49 8 37 50 51 41 45 39 30 39 41 63 17 20 9 48 40 22 55 49
46 8 36 48 54 51 48 51 50 56 70 50 44 24 51 57 51 40 43 30 49 4 53 57 31 59 47 58 58 19 32 54 45 71 47 60 31 26 41 54 11 20 10 45 36 11 63 68
50 6 38 55 41 41 44 54 52 60 68 52 49 44 55 67 53 52 44 32 53 4 62 66 30 53 47 55 57 17 37 55 54 56 38 49 38 42 43 54 13 16 10 53 37 21 52 55
56 9 43 47 45 44 60 57 64 49 66 57 33 34 49 50 54 33 38 24 32 3 51 54 29 49 53 49 36 11 37 51 50 42 41 42 23 37 46 48 25 24 3 56 32 22 53 45
55 3 43 44 47 45 40 73 47 61 73 57 35 24 52 55 65 36 49 28 46 2 67 52 23 54 56 45 67 16 40 24 55 51 47 34 40 43 46 50 16 16 12 54 43 28 43 55
41 11 47 56 53 58 41 54 48 43 78 57 47 47 41 70 53 28 55 32 33 6 57 52 31 63 53 48 52 14 48 35 42 53 35 45 40 34 41 53 17 27 13 49 42 21 51 55
49 7 42 60 43 56 57 58 54 61 59 48 35 34 55 71 44 34 61 35 42 8 62 61 33 59 67 62 71 20 45 34 53 44 47 34 33 47 36 62 24 24 11 54 49 19 59 49
62 6 43 53 60 50 46 54 54 56 75 61 47 36 40 59 56 36 42 29 37 10 68 53 46 66 54 57 45 14 37 36 51 53 46 56 38 39 42 60 12 21 21 49 47 39 59 41
62 11 40 66 49 43 46 53 48 58 70 51 55 30 38 47 52 45 54 35 48 9 58 55 34 57 60 50 52 17 46 44 49 43 45 44 41 39 44 34 18 24 20 49 45 33 46 49
77 12 50 60 48 38 42 67 56 45 67 55 67 39 52 48 58 47 44 40 45 10 73 51 37 61 69 51 67 21 41 47 58 44 40 37 42 31 42 42 25 27 23 58 58 28 44 62
61 6 56 52 44 47 66 60 50 41 75 83 57 48 39 67 48 41 54 25 58 4 65 58 39 49 47 44 55 23 56 38 62 52 33 25 56 45 57 51 22 29 24 49 48 38 54 54
51 14 50 51 38 43 53 56 36 51 78 72 51 51 44 55 62 38 50 50 50 9 69 51 46 55 57 43 54 18 43 36 56 47 49 45 43 49 44 48 25 28 29 49 55 36 54 44
46 7 56 60 38 45 57 63 69 43 81 76 45 36 49 53 57 37 50 50 50 11 58 56 40 68 46 52 50 13 44 35 49 41 46 44 50 40 45 48 22 22 24 40 56 25 53 56
48 8 47 55 34 52 50 64 61 47 80 76 62 47 45 42 56 33 62 34 46 9 71 63 41 47 60 59 69 19 53 26 64 56 44 32 55 41 48 47 17 30 26 42 58 37 53 47
48 11 47 51 52 43 68 57 57 56 69 73 49 46 40 53 72 40 69 41 45 16 57 50 54 50 59 56 53 17 62 29 57 48 34 41 44 45 47 41 33 33 35 41 62 29 54 46
55 9 38 78 43 42 55 63 61 46 81 77 54 60 48 61 54 48 42 56 49 14 63 59 41 60 54 52 67 16 44 24 53 44 43 28 38 53 61 38 31 24 33 49 66 36 48 41
60 10 41 71 34 35 43 58 50 48 59 62 52 44 38 43 68 36 56 44 57 26 69 61 55 53 65 56 55 23 53 34 54 56 37 31 69 40 69 41 34 22 24 43 60 30 41 55
59 16 43 51 43 40 46 64 64 45 81 67 53 49 44 52 56 26 59 53 44 18 54 52 45 54 53 57 55 15 57 39 58 55 43 36 45 47 50 51 31 24 21 39 52 34 47 60
54 18 44 56 43 47 40 39 61 40 82 75 56 45 50 44 56 23 64 41 55 20 53 58 52 55 55 45 69 24 57 33 56 33 42 39 64 42 69 42 47 24 33 51 57 44 45 54
59 13 40 59 46 49 51 46 56 32 69 68 60 56 38 38 50 37 47 64 50 24 54 54 45 39 55 65 60 25 71 38 59 39 26 41 53 50 59 48 44 26 39 36 62 41 44 48
50 12 44 42 34 39 51 50 72 42 67 89 62 55 43 38 53 29 52 69 46 20 73 56 51 50 57 44 49 25 68 38 63 35 29 42 56 52 69 44 46 28 46 39 54 45 46 62
55 19 40 46 37 42 53 48 56 36 47 70 60 50 32 48 63 35 68 58 51 37 59 51 67 54 56 41 56 33 73 34 75 46 41 34 72 48 66 31 44 30 35 34 46 37 48 45
51 21 31 68 40 40 47 62 70 35 66 82 83 46 30 40 61 34 58 56 60 21 59 53 56 44 61 38 56 39 52 19 63 36 28 29 71 52 70 35 49 35 55 53 61 41 49 48
48 13 43 46 34 35 57 58 65 34 57 70 83 55 32 36 63 22 55 66 60 40 56 43 67 47 56 59 47 25 76 29 64 41 26 22 60 43 60 48 46 29 37 36 52 43 48 60
43 33 44 55 42 32 62 45 61 33 60 68 88 46 36 49 48 23 63 80 49 29 59 44 62 44 53 50 56 26 75 21 48 53 30 38 69 56 69 43 56 31 51 29 53 42 53 44
54 26 34 43 35 31 48 31 55 40 70 71 91 77 39 44 61 36 67 68 55 30 47 48 65 55 57 39 63 30 64 30 64 32 43 33 60 49 71 31 56 37 72 39 73 40 63 48
56 22 36 62 25 34 40 34 66 27 63 67 79 69 36 45 70 23 79 59 56 33 65 49 54 42 61 46 38 32 67 24 55 29 29 29 54 41 68 37 55 40 56 30 54 58 53 56
52 27 42 55 23 28 38 51 69 28 61 83 64 55 33 38 66 22 40 67 51 34 63 55 54 43 61 37 41 39 78 18 64 44 36 33 62 55 75 29 82 42 56 25 51 48 52 56
60 38 29 50 27 27 37 42 57 32 47 69 85 62 35 37 53 32 75 76 55 42 56 49 56 50 57 42 36 36 79 35 68 30 30 26 85 48 81 37 57 54 74 33 70 52 32 40
45 37 27 51 41 24 51 50 60 16 51 83 81 59 39 33 47 20 62 79 52 32 58 39 67 40 57 46 35 39 71 20 63 32 26 26 71 45 62 28 66 47 60 27 62 42 45 51
42 42 34 50 30 32 40 39 60 29 54 74 75 62 27 25 53 14 68 83 59 45 58 32 77 34 47 40 47 39 72 17 48 24 33 21 70 33 86 36 77 57 82 31 73 53 41 47
36 35 30 45 17 33 41 52 67 29 62 59 85 47 30 36 50 21 67 83 61 43 53 45 73 44 59 36 42 49 68 16 69 29 28 16 73 49 62 22 73 52 81 24 42 63 54 33
47 38 27 64 23 22 38 47 57 19 59 51 78 86 36 29 57 16 82 61 60 59 62 40 74 42 38 26 49 43 68 19 58 20 29 17 74 39 71 34 71 48 77 30 66 70 34 44
44 37 29 50 18 17 42 48 57 26 35 60 84 50 23 24 48 14 81 78 62 55 58 45 80 50 50 36 41 49 52 13 78 25 27 32 71 62 83 32 83 59 77 31 67 61 49 36
37 47 28 54 23 15 40 42 50 21 47 68 88 73 33 24 61 18 66 69 50 58 52 40 70 40 42 44 36 38 73 18 69 25 22 28 80 59 70 22 91 67 87 21 66 63 40 43
41 48 40 67 18 20 39 41 61 25 43 51 83 61 23 33 51 21 75 84 56 63 48 48 79 46 47 27 36 42 75 20 47 24 36 29 77 32 77 24 82 59 90 22 60 66 44 36
48 34 37 49 21 15 35 37 66 17 42 56 71 72 21 22 46 15 69 70 66 65 42 40 89 34 42 27 39 57 69 12 59 12 26 27 89 47 57 22 72 62 94 24 71 50 42 28
43 36 24 40 27 25 47 25 60 18 29 45 85 82 24 16 42  9 62 63 48 53 49 43 82 43 44 34 32 49 85 16 67 20 20 26 79 45 60 23 101 75 102 25 61 72 39 39
42 45 32 39 18 13 33 43 54 13 41 55 67 78 22 17 36 15 65 70 65 64 44 29 81 42 46 24 37 59 69 10 51 26 23 22 80 44 52 32 75 86 104 17 54 64 37 19
35 44 19 40 15 18 36 33 35 18 40 45 77 85 18 16 45 10 66 85 60 63 46 37 94 34 41 37 35 55 81 15 57 10 34 22 77 42 66 21 114 74 106 19 75 70 54 32
34 35 21 47 23 18 29 34 59 12 27 45 92 64 18 26 34  6 57 87 63 70 41 25 69 29 34 32 30 56 66 18 58 21 19 15 75 31 56 24 101 84 129 16 68 62 36 28
25 49 26 30 15 14 27 38 38 17 42 61 72 83 21 12 37 10 59 75 44 92 42 20 83 29 33 22 26 47 86 11 34 14 25 18 71 42 52 28 98 99 114 27 49 73 26 26
27 51 28 38 16 16 24 24 55 16 25 49 80 81 20 17 31  7 61 71 53 75 29 19 105 20 22 19 22 60 78 11 49  6 24 15 78 31 51 21 95 116 135 24 64 73 42 22
26 59 27 42 10 12 24 45 40  9 34 40 70 88 15  8 38  9 64 72 48 85 33 18 74 32 31 18 25 46 91 12 37 10 13 12 58 30 43 20 119 101 114 19 50 84 41 20
22 58 29 39 15 16 20 41 45 14 26 29 67 77 18 18 27  7 54 78 66 87 41 22 88 21 30 19 18 51 78 12 38 12 14  9 72 50 40 19 97 108 97 21 52 95 27 23
27 66 26 43 16 21 30 34 39 13 20 44 54 79 15 13 38  4 63 64 53 94 36 16 94 36 29 16 16 52 66  6 37 12 21 17 63 42 32 22 103 103 132 13 52 86 39 20
31 68 19 31  9 10 31 36 39 12 18 38 60 81 12 14 38  3 58 71 52 106 28 17 72 37 31 17 21 55 80 11 43 17  8 10 50 36 40 16 101 113 117  8 47 79 37 16
18 70 24 42  5 14 28 19 39  7 20 29 50 67 17 13 20  7 39 70 64 104 46 13 102 20 25 20 22 64 77 14 33  9 19  9 67 40 37 16 125 100 111 13 63 101 39 22
16 86 18 29  9 11 19 29 31  4 18 25 51 60 15 17 28  7 40 71 48 117 39 13 89 24 32 21 16 73 72 11 35 10 15  9 58 43 41 17 99 108 134 14 53 116 28 23
18 72 24 40 12  5 20 18 39  9 18 35 44 71 10 10 26 12 54 55 37 126 33 16 90 29 27 11 17 75 66  7 35  8 16  6 45 40 29 13 97 110 120 14 64 106 24 15
17 86 21 21  6  6 23 24 31  4 15 33 34 66 13  8 19  5 44 63 52 128 25 12 79 26 26 19 20 75 70  8 25  6  5  8 36 33 26 16 112 107 94  7 49 98 39 12
12 92 23 29  6  7 23 35 39  7 19 22 40 75 12  6 15  2 39 66 53 138 20 12 82 32 19 11 14 67 71  8 27  4 10  5 43 33 32 15 102 99 129 12 54 117 23 18
12 89  7 27  3  8 22 24 30  6 14 23 38 65 15 10 27  8 33 59 38 161 20 15 97 17 16 11  9 75 64  7 22  9  7  5 28 24 26  8 113 122 108  7 37 99 30 16
14 110 18 14  4  1 21 19 29  6 23 25 43 58 13  6 18  3 34 52 41 151 15 11 65 14 16 18 11 79 53  9 23  4 11  6 40 37 24 18 90 120 113  6 46 109 23  7
12 99 14 17  3  5 14 15 29  6 14 20 43 60 10  2 16  2 32 69 54 143 17  5 76 14 22  7 14 93 54  5 30  3  6  6 18 23 14  6 92 99 97  4 42 109 17  3
10 145 23 21  6  5  7 16 24  3  6 20 30 42  9  2  8  5 25 55 39 165  7 13 79 16 14 12 11 82 64  7 22  5 14  6 22 23 14  6 103 112 98  3 40 103 17 15
11 142  7 20  2  2 12 11 18  5 12 16 30 44  6  5 14  2 22 48 32 165 15  8 53  9 12 18 10 111 48  5 13  3  8  5 19 23 13 12 79 97 93  6 32 82 28  5
 4 170 17 15  3  4  9 12 24  4 11 16 25 39  6  6 14  1 16 56 27 162 14  6 56 10 11  7  5 116 40  5 16  3  7  6 20 23 23  7 82 98 73  6 25 77 13  9
 9 178 10 15  3  3  9  4 26  4  7  8 26 42  2  5  6  2 10 48 21 176  6  4 42 17 18 10  6 104 32  6 18  3  6  2 11 18 10  2 76 92 68  4 19 77 17  3
 6 161  6 11  4  2 12  8 25  3  7 14 20 33  7  2 10  1  6 42 25 160  9  7 36 12  5  3  1 121 24  2 10  5  2  4 14 18 12  4 57 92 53  3 21 79 12  6
 9 222  9  9  2  2  6  4 17  2  6  9 23 21  8  3  8  2 10 47 26 135 12  5 32  5  8  3  2 123 26  7  6  3  3  4 12 15  7  5 59 78 48  6 25 72 20  8
 3 213  4 13  5  3  9  7 26  1  5 11 13 22  2  5  5  6  6 38 12 124  9  6 27 11  7  5  2 134 18  2 10  3  5  1  4 17 13  5 39 63 39  4 16 66 15  7
 4 193  5 10  3  1  7  3 11  0  3  5 16 13  2  4  4  2  6 36 18 112  5  4 35  6  5  5  3 110 12  4  6  3  5  1 12 11  8  3 39 48 52  6 22 57  8  5
 4 191  4  5  0  1  7  3 14  1  3  6 14 18  4  4  4  0  6 34 14 97  1  7 24  3  7 11  1 139  9  2 11  2  3  2  5 19  6  4 32 44 32  4  9 46  7  3
 1 184  0  4  0  1  5  4  9  3  5  7 14 10  4  5  2  0  4 23 12 71  2  7 18  3  4  3  3 145 11  2  4  1  3  2  5  7  5  1 24 33 26  2  6 33  1  2
 3 142  3  4  1  1  6  4  9  1  1  8 15  7  5  1  1  0  6 21 10 69  5  4  8  5  1  1  3 120 10  0  8  2  2  0  6 11  3  1 14 25 21  3  9 27  5  2
 7 136  1  3  2  1  2  3  5  1  3  4  2  7  3  0  2  1  2 28  6 50  3  1 13  1  3  2  3 123  7  3  2  3  1  1  5  4  3  2 21 31 12  1  3 13  4  4
 2 115  3  3  0  1  3  1  5  0  1  0  4  6  4  1  0  2  4 16  9 24  1  2  9  6  3  2  3 127  7  2  0  1  0  2  1  4  0  1 13 14  9  2  2 11  1  1
 4 75  3  2  0  0  0  0  2  2  2  3  0  7  2  2  1  0  2 12  0 27  2  0 12  1  5  1  2 112  9  2  1  0  1  1  0  3  5  0 24 18 11  4  2 12  3  1
0 40 4 2 1 1 2 0 4 0 2 0 1 0 0 3 1 0 2 8 5 30 1 0 6 2 1 0 1 93 4 1 2 0 0 0 2 4 2 3 7 7 16 1 4 5 1 0
0 19 2 3 0 0 0 1 1 1 0 2 2 1 0 0 1 0 1 9 2 12 1 0 3 0 0 1 2 72 2 2 1 3 0 0 3 2 1 0 5 6 6 2 1 3 1 2
0 13 1 1 0 0 0 0 2 0 0 1 0 1 0 0 0 1 0 2 1 3 0 0 2 0 0 0 0 16 0 1 1 0 1 1 1 4 1 0 7 5 1 2 2 3 0 0
0 3 1 1 0 0 0 0 0 0 0 0 0 0 0 1 0 0 0 0 0 2 0 0 1 0 0 0 0 2 1 0 0 0 1 0 0 0 0 0 1 0 0 0 0 2 0 0
