48 48 17 32 2 23 34 40 1 5 57 36 49 4 29 13 8 7 22 24 4 15 30 69 22 61 45 21 82 5 27 13 1 1 11 44 10 29 41 16 37 43 54 15 11 29 0 5 38 39 48 8 22 30 39 10
41 38 15 41 1 16 40 46 0 3 48 37 39 6 36 11 1 3 38 22 4 20 40 67 17 61 52 17 84 3 30 6 8 2 11 37 19 39 41 15 39 50 60 16 15 17 0 8 37 46 41 6 10 33 48 15
36 32 18 32  1 36 37 39  0  1 66 34 45  9 31 10  9  7 25 22  5 12 31 70 32 73 40 25 105  1 39 10  9  0  8 49 24 38 34 10 33 37 53 16 17 15  1  8 36 38 50 12 15 32 46 14
36 39 11 21  3 17 36 38  0  7 60 44 50  8 23 12  4  1 21 24  3  8 44 90 27 66 60 28 105  1 47 11  3  2  5 43 20 39 44 14 42 51 66 19  7 16  0  7 44 61 37  1 15 42 46 20
42 54 22 26 0 21 36 41 1 2 65 40 39 5 35 12 5 2 22 21 2 25 37 79 22 52 67 26 94 1 36 10 3 1 5 29 20 33 46 9 40 44 63 15 11 22 0 10 30 41 49 12 13 24 30 16
68 43 22 26  5 14 50 45  0  5 65 45 30  5 38  9  3  4 29 41  6 15 41 78 24 60 46 38 114  2 43 11  5  1  7 33 21 30 31  8 44 33 68 19  7 27  1  7 40 39 48  5 20 39 48 14
45 49 21 39 1 25 51 44 0 7 52 33 46 6 31 17 1 5 22 37 4 13 37 56 20 72 57 15 92 2 33 10 8 6 10 39 19 46 47 17 42 43 57 24 8 21 0 12 36 60 34 6 13 30 53 15
54 38 11 36 3 27 36 33 2 3 52 39 34 12 47 13 3 6 30 24 5 13 24 78 18 51 48 22 89 2 40 9 4 1 6 30 21 29 37 16 38 39 56 9 12 18 0 6 49 41 49 5 16 34 43 12
51 49 12 28 2 15 37 45 1 2 60 28 44 3 35 9 4 5 30 24 8 16 32 79 25 57 38 24 92 7 46 12 2 1 9 40 13 37 37 19 34 38 67 20 8 25 1 11 40 42 48 6 17 27 35 7
44 41 16 28 0 28 40 37 0 3 67 26 46 8 40 14 8 6 23 32 1 12 27 63 25 66 50 16 85 5 37 11 2 2 8 29 21 38 39 5 37 42 55 13 13 24 1 5 46 42 46 5 20 29 49 10
53 39 17 32 3 28 43 47 1 8 67 37 38 4 31 18 6 5 25 27 3 20 45 71 27 65 57 17 90 3 42 9 7 1 3 40 17 32 35 16 38 48 56 12 17 25 0 11 38 47 66 8 19 35 41 9
52 47 16 42 6 19 50 41 1 11 71 41 36 8 40 9 4 10 20 26 6 13 48 82 28 61 44 30 82 2 35 10 6 2 6 32 17 32 31 11 27 45 55 13 14 32 0 13 42 49 50 7 18 27 40 14
53 48 14 39 5 22 46 46 0 8 49 40 35 6 33 18 5 5 20 29 5 11 40 87 26 68 53 28 83 4 26 15 8 2 13 36 19 35 39 17 51 48 60 23 17 22 1 8 42 34 50 5 22 31 44 11
42 49 19 37 3 33 46 41 0 5 59 30 45 10 32 17 4 7 22 35 7 16 23 70 21 60 48 19 82 6 38 14 11 4 8 36 15 30 40 22 45 55 56 24 17 24 0 12 46 43 53 8 13 41 53 9
42 49 31 36 3 26 44 41 1 9 68 43 43 8 29 13 4 14 22 22 1 16 34 85 20 59 51 22 67 3 30 9 16 2 9 39 22 35 36 20 39 51 72 20 15 28 2 16 36 36 61 8 15 28 60 8
63 31 11 29 4 24 46 51 2 8 61 49 57 3 37 17 4 11 31 37 5 18 36 71 31 56 49 29 83 2 46 13 14 1 6 39 20 37 36 17 41 64 55 19 15 27 0 13 49 61 49 10 21 32 46 9
39 47 21 35 5 28 48 30 1 4 44 38 33 11 46 13 11 7 26 31 6 15 42 74 36 55 47 33 87 3 39 8 7 5 8 30 19 43 29 18 32 43 55 20 22 15 1 12 38 50 52 7 19 40 59 20
45 45 17 44 7 28 44 35 1 11 46 38 36 11 29 25 4 10 35 38 4 12 34 59 25 61 64 23 81 3 30 19 9 3 13 33 28 32 47 9 39 40 52 27 23 32 0 15 43 41 50 14 17 39 41 17
46 41 16 38 2 19 50 35 0 13 56 41 34 10 32 14 5 9 29 35 4 18 37 61 25 49 47 33 84 2 48 16 9 5 12 45 20 39 42 10 30 54 60 22 27 25 3 13 34 44 49 7 15 42 40 12
41 51 18 36 6 25 50 34 4 12 53 46 43 12 38 14 5 8 38 29 2 14 40 63 21 45 56 26 92 5 38 7 10 3 8 39 23 36 40 19 45 46 55 21 19 31 1 14 38 57 48 7 18 43 47 14
57 44 20 42 5 20 46 41 2 12 60 51 49 16 40 13 7 9 22 28 3 17 36 74 35 47 53 36 95 4 38 23 11 2 10 39 20 38 40 14 41 43 57 18 17 24 0 14 34 65 66 13 25 28 46 7
50 44 14 35 13 23 52 50 2 9 55 35 44 11 33 21 6 4 26 29 6 20 30 73 31 51 47 18 74 3 48 17 14 2 10 38 27 40 38 12 24 45 53 19 15 29 0 13 43 68 50 8 27 40 48 14
59 49 22 29 2 31 50 45 4 8 49 36 42 14 36 18 4 16 40 31 3 20 28 80 32 47 51 28 80 3 39 21 9 1 9 38 27 30 36 25 49 35 66 19 23 36 1 17 53 54 49 7 15 29 43 12
44 50 17 42 9 30 53 43 2 13 49 38 55 13 38 23 6 11 24 40 5 22 40 70 20 45 52 26 77 3 33 15 13 1 12 33 27 42 39 26 45 45 58 27 16 19 1 24 40 50 45 8 25 33 56 13
50 58 11 42 6 39 54 40 5 16 55 40 43 11 32 23 14 15 24 33 4 22 32 76 36 45 51 36 78 6 40 18 8 4 11 48 24 34 40 22 43 37 54 11 24 42 1 20 48 55 58 10 27 33 48 13
52 57 29 34 9 29 53 44 4 18 56 47 37 14 33 20 9 12 20 31 6 18 34 69 28 40 39 33 70 2 51 22 17 4 13 36 22 35 52 21 38 41 66 26 22 30 2 16 35 55 55 10 16 46 45 15
50 46 19 37 10 37 62 40 5 17 55 48 41 15 33 20 7 11 38 41 7 23 38 68 37 54 39 36 65 4 42 11 15 4 8 41 26 47 44 22 48 48 66 26 20 33 6 23 41 46 49 4 25 28 58 16
42 47 26 38 8 37 45 41 2 9 50 39 51 29 41 29 11 9 31 39 4 15 48 81 22 41 58 24 61 1 53 16 11 2 21 42 26 37 36 22 38 44 46 26 21 34 2 13 35 46 62 13 16 32 38 14
47 53 27 52 7 40 32 40 0 15 51 33 53 18 32 31 7 18 26 37 5 18 43 55 34 49 53 18 75 3 36 21 20 6 9 45 26 47 48 18 41 47 54 25 28 24 0 26 36 39 51 10 24 45 50 19
49 50 22 36 7 33 57 46 2 17 42 52 47 18 34 32 11 13 36 32 6 15 46 66 32 50 50 26 68 0 43 22 16 5 12 43 27 37 47 32 43 44 58 30 20 36 3 16 38 46 44 11 17 34 49 22
49 59 22 46 15 37 38 41 5 12 43 38 52 25 28 23 9 9 39 46 4 21 37 62 42 45 55 31 71 4 50 16 11 8 13 37 25 39 42 25 53 44 54 29 28 27 1 30 45 56 59 11 26 36 46 13
44 57 20 39 15 49 50 44 6 16 52 47 45 22 33 25 8 13 30 37 8 23 48 53 35 42 55 32 61 2 41 25 14 7 14 38 27 51 52 26 61 45 56 41 18 41 4 22 34 52 47 12 20 33 41 17
47 57 32 39 15 46 43 53 5 16 49 62 46 28 26 23 21 17 37 48 1 26 41 53 36 49 49 31 67 2 31 26 14 13 12 53 45 36 37 27 56 57 47 28 16 42 5 28 38 41 49 14 22 40 42 18
50 65 20 60 22 38 48 51 5 21 51 51 39 26 34 25 15 8 33 31 13 21 57 65 38 39 44 35 62 2 51 27 25 9 10 40 26 44 34 26 51 54 60 35 26 48 3 22 42 37 53 18 28 32 47 19
52 53 19 40 17 36 48 43 3 22 53 39 52 28 29 21 14 16 31 40 8 29 45 55 39 45 54 27 53 6 47 26 18 12 17 42 30 44 56 19 42 40 73 25 17 35 5 28 38 41 60 8 30 33 42 21
38 52 22 41 17 46 56 48 5 18 50 66 46 27 34 26 13 13 26 39 6 37 48 50 38 43 38 37 54 2 56 22 19 11 14 43 39 51 42 27 45 52 54 30 24 30 4 34 37 58 53 15 26 31 65 22
57 53 20 30 12 34 51 54 4 23 55 51 50 37 26 35 17 17 31 39 12 22 55 44 37 51 43 42 54 2 46 36 10 7 18 43 40 43 54 20 41 42 58 34 34 39 1 32 38 45 60 15 26 50 55 15
57 45 27 41 16 57 32 45 4 21 54 46 46 20 33 30 20 18 51 34 6 19 48 54 36 37 51 39 45 5 58 29 22 7 22 46 24 47 36 34 52 55 55 39 26 41 2 31 29 47 49 16 22 33 44 25
41 54 21 39 19 41 49 51 4 18 52 48 35 33 28 21 17 15 38 53 12 28 46 57 28 43 47 41 48 4 41 28 24 7 20 41 41 34 54 28 39 55 49 36 20 37 2 32 35 48 56 13 36 32 54 23
40 61 26 61 16 47 47 43 5 23 51 57 46 37 40 31 19 13 42 40 15 21 58 39 41 45 47 43 47 3 49 23 19 8 17 43 27 38 35 23 47 53 38 47 31 46 3 24 36 45 53 13 30 41 56 29
57 65 21 50 27 42 51 60 9 16 54 37 40 34 27 26 16 19 33 46 13 29 40 57 54 60 38 48 50 4 41 28 25 13 11 40 32 47 48 14 54 49 66 32 25 40 1 30 47 71 58 17 27 40 63 26
49 59 26 49 32 43 42 54 11 20 57 62 44 40 29 34 17 18 39 42 15 32 54 42 42 44 43 39 50 9 56 31 15 10 21 33 45 35 46 24 42 52 51 47 35 54 5 29 21 50 51 19 21 42 49 19
49 56 29 49 24 45 35 50 8 14 55 40 39 44 23 31 16 17 51 47 17 29 54 57 38 41 46 46 52 5 37 30 27 10 30 39 35 44 46 31 44 57 51 43 20 40 4 28 41 42 63 23 34 37 40 24
51 59 29 46 15 46 49 52 7 21 51 48 54 46 33 33 21 16 39 51 3 38 51 56 46 59 37 34 48 5 47 30 23 13 25 46 52 43 44 33 54 36 64 48 22 51 4 27 24 42 57 25 23 36 45 18
49 55 28 56 28 54 46 59 7 24 55 66 55 45 23 37 22 17 38 48 12 31 49 39 46 44 46 40 48 4 56 42 32 18 25 33 39 48 39 32 51 39 38 49 26 34 7 32 42 48 53 22 35 38 60 29
50 47 30 57 32 57 56 51 4 30 47 68 51 42 22 38 18 22 41 64 11 19 53 42 50 47 37 43 42 2 56 54 25 12 20 41 36 48 48 29 44 47 45 39 31 51 3 45 40 36 49 12 36 41 63 27
40 50 26 47 30 53 44 70 13 13 51 44 56 43 23 46 29 20 55 51 17 22 58 39 51 46 39 49 45 1 44 51 27 15 22 41 42 48 55 29 42 59 51 47 32 40 5 39 44 42 63 15 35 44 56 23
56 53 29 41 43 57 42 48 7 17 63 67 43 42 29 43 21 21 41 47 14 25 52 38 44 43 51 38 47 7 50 35 23 11 27 49 35 46 43 35 48 55 53 45 39 41 9 29 28 45 53 19 36 40 62 27
45 49 47 47 37 60 46 59 8 22 48 54 45 35 29 41 27 23 37 55 17 26 41 43 49 51 45 53 30 8 52 35 28 23 27 35 36 53 41 31 42 50 30 46 21 55 8 43 39 54 50 17 31 38 63 24
56 69 19 50 31 56 50 48 6 34 46 55 52 60 21 45 32 22 52 57 30 28 52 40 56 48 48 49 47 4 49 47 33 11 32 52 48 53 44 37 40 48 56 40 34 55 7 35 30 52 64 12 39 47 48 30
56 58 27 46 41 73 45 54 5 26 43 51 38 64 32 49 21 16 54 51 17 28 59 39 52 58 35 54 33 6 44 43 30 14 28 46 43 52 45 42 31 51 54 33 30 54 8 39 39 43 57 17 36 41 67 32
37 54 33 42 40 53 35 55 13 17 58 45 61 55 31 63 35 19 62 51 34 40 59 41 51 42 40 50 31 7 51 65 20 25 27 51 45 60 42 52 46 66 43 49 37 61 6 52 38 50 46 12 44 44 55 31
53 46 30 45 54 54 43 58 13 21 41 72 57 42 22 43 25 19 40 42 24 32 55 43 65 50 53 53 32 9 49 46 40 16 24 48 42 56 43 38 44 47 46 36 28 57 8 34 48 52 46 19 39 36 52 30
49 59 34 51 40 54 31 57 10 28 58 60 56 75 38 41 21 27 44 64 19 32 70 37 56 56 41 37 33 10 47 51 32 30 32 40 49 38 48 50 52 45 48 49 32 54 7 39 40 49 48 17 44 45 55 39
43 54 48 51 33 59 56 63 16 28 55 76 48 70 27 52 29 23 37 60 31 32 45 45 59 38 39 73 37 7 50 68 36 16 29 51 56 56 46 38 53 58 43 57 39 52 7 46 45 49 52 33 54 61 55 37
55 40 39 45 43 66 44 64 8 30 55 59 49 82 30 54 36 21 62 65 28 32 52 40 56 49 41 66 30 5 51 65 39 32 41 43 42 52 52 47 54 38 34 56 41 44 15 49 30 41 59 31 39 42 57 23
48 54 47 58 52 45 52 48 13 24 56 60 52 75 25 55 31 30 50 53 33 48 46 39 64 44 44 52 22 7 50 47 29 23 31 60 53 56 54 43 49 52 37 43 55 55 8 40 33 42 37 19 55 55 51 33
59 55 39 53 50 79 59 54 22 38 55 50 53 72 25 55 31 34 53 54 47 47 45 39 61 28 47 56 23 13 46 57 42 21 38 48 43 59 40 56 49 38 36 55 55 50 17 52 42 44 52 30 49 44 65 34
51 44 44 50 59 51 36 45 14 49 33 62 50 53 24 53 45 23 57 60 31 26 49 30 47 37 55 62 26 7 48 52 40 32 41 49 43 54 52 48 45 52 43 36 50 41 16 56 48 33 43 33 43 37 32 28
62 53 50 46 60 44 39 49 18 40 49 57 42 76 34 63 23 27 43 70 37 42 67 28 56 47 34 50 24 10 54 56 36 24 43 39 39 44 47 48 35 40 54 48 58 50 17 58 37 40 38 17 40 38 48 40
63 55 36 55 47 63 43 62 10 39 45 53 44 83 53 58 33 26 76 64 40 45 52 33 44 42 41 59 19 4 59 66 51 27 46 38 61 54 58 46 42 52 41 58 65 60 21 65 49 51 64 30 50 32 61 50
60 44 37 45 52 39 57 61 17 36 41 54 44 67 32 40 37 23 58 61 46 45 57 32 75 36 47 55 29 10 46 61 38 27 40 40 53 42 56 51 48 55 38 52 50 48 22 53 38 45 42 29 46 32 57 32
42 47 49 62 40 51 41 47 21 40 41 63 35 60 40 70 36 34 55 68 46 45 43 30 62 42 33 60 16 12 66 56 48 37 36 44 52 37 50 52 45 38 40 48 58 63 20 53 39 44 46 39 56 43 46 36
45 48 53 58 56 63 36 67 25 51 33 60 39 53 43 71 40 25 54 79 33 53 60 34 48 36 41 52 24 17 59 71 38 34 45 39 64 61 63 65 38 54 43 55 61 65 17 65 40 40 38 33 62 35 45 30
50 51 60 63 48 48 42 48 14 55 32 59 46 98 28 51 44 29 53 56 40 38 56 19 62 55 33 55 22 17 49 68 46 35 40 50 49 41 57 51 34 59 24 71 57 59 23 46 47 55 50 25 49 33 54 47
45 46 56 45 63 40 49 63 21 40 40 53 42 78 44 72 47 32 59 53 55 47 53 36 46 40 48 60 15 7 63 58 54 41 52 43 51 54 45 52 49 49 38 55 71 62 17 67 29 37 37 30 62 45 43 45
44 43 59 62 55 47 47 53 34 44 37 45 49 57 43 69 49 42 63 64 55 44 55 27 58 49 39 58 22 17 50 71 49 29 46 44 49 48 48 60 36 50 28 62 65 44 29 61 42 49 45 28 63 48 44 46
45 55 70 54 79 40 50 44 22 56 30 60 40 85 40 55 63 42 50 69 52 38 42 21 51 42 44 53 33 17 42 75 49 38 59 50 48 45 44 64 56 48 37 66 53 57 27 74 55 46 38 44 65 40 38 41
46 52 54 62 64 55 39 53 22 60 30 34 46 79 39 76 67 44 55 73 65 57 45 29 50 41 41 48 17 18 61 64 54 46 46 27 61 43 52 84 51 45 38 61 64 59 28 64 49 43 51 33 66 48 51 42
50 54 60 66 65 56 46 49 34 54 23 50 43 69 36 81 50 35 54 57 60 49 56 39 56 36 39 65 18 13 72 72 64 48 50 32 53 47 49 70 52 57 37 68 63 53 36 76 36 54 38 37 78 35 40 36
39 40 67 72 64 42 28 48 20 51 36 41 41 71 35 56 59 56 66 53 52 48 64 19 72 24 48 49 19 21 41 85 73 38 60 50 52 51 47 62 54 56 33 64 67 55 24 68 47 38 42 35 55 36 43 45
25 40 73 71 63 47 35 49 25 48 33 41 46 74 40 75 59 47 68 55 58 49 50 29 60 43 35 54 9 19 51 73 79 52 61 41 53 55 48 59 38 42 43 56 79 57 32 68 39 47 45 37 68 48 36 57
28 59 70 63 63 56 31 47 26 59 34 48 29 73 43 56 48 42 61 63 88 50 51 27 55 30 33 65 16 30 62 72 55 51 45 51 46 43 61 57 38 39 31 58 66 54 35 84 45 47 35 42 67 53 46 59
46 39 72 52 67 44 42 36 40 56 35 55 36 59 35 68 66 54 54 48 59 61 66 27 61 36 45 69 16 24 40 74 61 63 50 50 72 49 42 45 45 30 25 65 78 49 38 79 51 48 52 44 59 45 36 59
39 40 78 61 89 46 37 50 43 72 27 55 40 76 51 60 65 45 62 56 78 57 59 23 50 37 36 59 12 33 44 67 67 54 69 44 51 45 43 55 49 44 37 53 69 56 51 71 46 46 35 39 74 42 32 64
42 46 68 69 73 33 33 40 31 48 28 52 32 73 37 78 60 60 53 44 94 55 47 22 63 40 42 48 13 27 44 82 60 62 65 58 46 36 43 65 37 45 30 59 99 60 42 70 40 40 31 46 71 40 47 56
40 39 77 55 71 44 30 42 32 59 27 38 37 68 40 76 74 70 54 54 83 65 45 29 46 38 35 59 14 42 45 61 77 63 44 44 49 45 66 59 39 35 31 77 71 62 40 92 53 35 37 39 77 48 51 53
29 36 61 49 91 55 32 42 57 65 30 38 39 75 41 85 75 71 52 47 85 65 49 16 58 38 53 52 14 32 53 74 64 60 53 56 66 43 50 69 51 29 28 62 68 50 57 81 37 49 39 60 64 55 39 55
39 30 76 52 85 41 31 49 52 55 32 42 56 70 50 77 70 76 60 59 70 71 35 24 53 33 32 54 13 32 47 75 82 55 64 40 53 48 32 104 38 51 21 59 89 50 42 88 36 40 33 53 59 65 45 64
25 37 76 44 86 25 39 37 61 54 24 34 45 81 46 59 70 68 61 58 91 60 47 33 49 37 38 47 15 42 41 71 81 67 69 38 63 53 38 86 33 40 26 68 76 52 50 63 42 51 33 57 73 58 47 61
37 33 71 52 83 40 40 37 69 55 26 28 37 79 40 61 69 87 59 49 120 60 46 18 52 26 36 61  9 46 54 65 72 53 55 43 59 31 43 78 50 44 28 71 87 66 49 92 49 37 28 64 68 41 24 61
37 31 85 43 86 36 35 42 60 58 27 35 35 72 62 65 71 78 54 41 96 59 39 12 46 36 38 59 16 40 58 79 83 60 71 38 55 44 41 63 41 37 20 67 78 54 48 88 46 36 30 42 85 46 37 77
37 21 70 32 77 40 38 43 62 82 27 32 33 78 41 69 70 86 46 52 97 73 45 20 48 27 29 53 5 35 38 65 99 75 73 50 76 42 50 88 33 38 23 65 83 43 70 65 42 34 34 55 73 61 36 87
25 18 78 42 93 43 40 33 66 75 23 27 36 75 34 74 83 65 44 41 89 90 38 12 39 26 31 47 9 51 39 72 80 71 66 46 63 43 34 64 33 23 31 60 85 56 81 86 45 34 24 56 77 51 40 84
36 30 77 50 69 30 36 26 80 79 20 33 38 66 51 65 84 83 64 39 96 62 47 18 36 24 38 53 9 35 39 61 83 79 64 30 53 30 36 74 44 37 25 65 84 49 81 67 39 40 27 59 71 53 27 79
17 24 71 39 75 38 47 29 74 76 14 25 32 60 42 63 85 73 67 42 106 70 42 14 41 24 38 60 12 46 31 74 100 78 69 32 72 44 39 70 33 26 15 68 84 58 83 103 40 29 22 73 75 42 31 78
24 20 69 36 69 40 36 25 90 70 23 29 31 65 57 56 82 90 58 33 105 54 33 17 36 24 37 54 13 54 29 56 108 74 76 40 62 47 44 63 38 30 26 63 76 37 70 82 52 37 25 71 90 57 21 75
17 17 71 29 93 35 33 25 101 100 17 29 34 65 55 78 89 80 52 41 81 61 31 11 39 26 27 46 10 61 39 71 86 102 84 40 61 34 35 90 32 39 28 47 80 50 93 72 42 30 23 73 65 53 24 73
27 21 73 36 81 40 23 27 91 83 24 25 30 75 48 62 78 96 49 40 101 69 38 16 38 24 26 46  8 69 34 64 80 90 73 42 62 34 37 72 30 38 18 52 73 46 96 70 46 27 28 75 64 64 16 72
29 24 74 32 71 40 35 30 93 81 24 26 32 52 52 54 101 91 49 38 89 81 29 18 43 18 29 61  4 55 30 47 81 116 81 48 61 30 37 62 33 20 21 56 56 41 81 58 63 27 17 70 76 54 20 77
28 24 80 39 77 39 24 26 116 100 21 17 31 40 55 52 100 73 46 38 97 76 26  8 38 21 31 52  8 86 29 60 98 98 83 40 66 35 36 66 32 22 18 52 67 43 105 67 52 18 19 66 65 55 13 79
17 22 59 32 56 48 34 16 96 74 16 19 40 54 52 62 70 87 38 27 98 82 37 15 42 21 26 52  9 82 34 37 98 102 78 33 46 44 32 73 31 26 21 55 63 51 85 64 45 20 21 80 72 44 16 70
25 13 56 29 73 38 33 20 105 83 17 30 23 52 52 49 78 80 54 23 106 64 21 13 36 16 23 45  8 77 24 60 103 96 97 42 58 29 32 69 42 19 13 49 56 58 110 57 35 25 11 85 47 41 10 68
17 17 69 24 78 53 29 19 103 74 14 22 24 33 56 46 85 89 39 25 102 89 26 13 26 36 20 45  8 89 21 47 89 121 74 38 56 37 29 61 39 23 17 58 54 36 113 61 47 29 14 96 55 48 15 93
21 14 58 28 75 43 30 23 104 81 15 15 27 35 51 52 82 102 40 20 99 74 23 11 37 15 15 44 14 108 21 44 87 103 68 31 46 29 29 55 29 25  7 40 45 39 112 50 40 17 16 85 41 48 14 83
17 16 58 17 74 47 21 18 116 79 11 21 30 39 62 38 87 77 32 24 90 76 17 12 27 27 18 36  4 97 19 53 78 117 87 30 57 37 30 76 18 27 12 54 48 38 116 35 51 23 14 102 48 38  8 88
18  8 62 27 64 42 25 16 124 89 10 21 13 35 40 40 84 107 30 22 82 78 14  4 27 18 15 33  5 110 18 52 75 111 103 36 48 32 23 46 24 17 14 37 59 36 134 39 44 18  5 113 38 34 16 74
18 14 46 17 64 46 23 15 109 79  9 17 31 25 55 35 84 89 36 25 85 65 21  6 40 15 20 35  7 140 19 40 71 129 73 25 41 26 21 42 27 15 16 33 44 24 131 47 39 24 12 96 50 42 17 76
20  9 53 16 56 40 21 10 136 88 16 13 21 19 46 42 83 105 31 20 80 69 15 10 39 11 13 33  4 140 17 32 62 107 79 21 48 33 27 52 22 15  7 38 46 32 144 38 39 19 16 98 38 33  7 93
12  8 49 12 62 40 22 13 136 61 11 12 33 24 57 34 75 79 31 21 67 78 19  3 37 16 18 26  2 99 17 38 71 106 65 20 37 37 15 55 21 12 12 40 36 22 125 33 30  7  8 104 34 42 10 86
15  5 46 15 62 42 17  9 135 66 15  9 23 16 49 34 64 94 30 10 66 67 15  6 21 12 11 20  4 123 13 40 62 100 83 31 38 27 20 36 18 13 11 38 37 31 151 31 33 12 12 101 32 35  6 84
12  9 44 12 55 33 31  7 148 83 12  9 18 21 33 41 84 80 21 22 65 66  9  6 41 14 18 25  0 165 11 26 43 111 77 27 45 34 21 41 33 12  7 32 36 29 149 28 45 12 15 129 30 28 11 66
13  7 39  9 42 31 17 14 126 67 15 13 26 16 54 30 83 84 20 12 57 54 12  2 23 14 13 20  2 143 12 27 48 108 69 31 32 19 14 36 18  8 10 23 32 23 127 22 43 12  7 108 21 45  7 77
11  9 39 12 51 27 17  8 122 70 10 13 18 14 39 27 75 86 21 14 48 59 12  3 23 15 20 28  2 150  7 21 44 100 80 22 32 20 15 26 20 10 10 35 20 19 150 22 18 13  2 89 30 29  5 67
11  5 23  7 48 29 24  9 130 67  3  5 16 17 50 24 70 72 12 13 48 55  8  3 28 11 19 18  0 169 10 24 33 92 54 22 29 10 13 29 14 11 10 25 28 18 149 21 27 10  3 106 23 29  6 61
11  5 29  8 39 23 15  6 120 46  7 11  8 12 47 19 69 63 13 12 57 39  6  3 20  9 10 19  3 166  9 20 44 74 53 25 23 12 12 24 20  6  5 17 19 19 121 13 25  7  4 97 24 28  5 50
 7  3 32  4 29 24 17  6 118 64  8  5 16 16 49 14 58 76 13  3 50 40  6  1 16  8 18 13  3 142  7 21 26 77 69 18 28 10  9 19 25  9 11 13 13 10 122 17 16  8  4 97 21 19  8 51
12  5 18  8 30 12 21  5 93 57  9  7 16  8 37 14 57 46  7  8 35 22  2  3 17  5  6 10  1 186  6 12 25 70 57 23 23 17  4 11 13  4  6 10 12 14 103 17 12  6  2 79 22 11 11 38
 4  8 14  3 28  9 12  4 88 34  8  3 15 12 43 16 49 67  7 10 29 28  5  1 15  1 16 11  4 152  8 13 21 70 57 15 11 12  6 12 11  6  5  9  8 10 107 13 14  5  5 104 17 20  4 32
 8  6  9  4 24 20 11  1 85 54  3  7 10 13 52 13 26 50  7  3 23 25  8  4 16  7 14  8  1 139  6  8 15 46 50 20 18  8 10  7 13  2  3 14 11  9 114 15 19  6  2 81 14 15  6 29
 7  2 11  5 24  8 18  3 89 49  2  3 11 13 38 12 26 35  6  3 13 15  4  2  7  1 13  4  0 147  2  8 15 49 44 13 20 13  9 13 17  4  5  5  9  7 72  9 13  2  0 65 11  8  6 16
 1  5  7  3 18 10  6  3 65 33  9  4  7 11 30  8 31 41 10  3 19 11  3  1 10  1  5  5  1 120  4 11  7 39 15 18  9  7  5 12 19  5  1  7  5 12 57  7 10  5  2 47 10  6  7 19
 1  1 11  1 17  5  6  1 55 26  4  2  4  6 31  6 30 32  2  3 14 12  4  4 15  2  9  1  1 106  1  8  8 28 25 20  8  2  2  5 13  2  1  2  5  9 56  6  6  0  1 53  8  7  4 16
4 2 3 1 14 6 7 2 58 32 2 1 9 2 24 2 19 24 6 4 11 10 2 1 7 1 5 1 0 74 3 4 8 27 24 11 2 3 4 1 9 1 2 4 4 7 30 5 4 3 0 33 6 8 6 13
0 1 3 3 8 5 4 1 41 15 5 2 3 6 30 3 13 29 3 2 12 3 1 1 4 4 4 1 1 83 1 6 6 12 22 10 3 1 1 2 6 3 1 4 1 4 20 3 5 2 2 20 9 6 0 7
2 0 2 2 8 11 3 2 27 14 2 2 1 3 11 3 6 19 2 0 5 5 1 0 2 1 1 1 0 47 2 2 9 8 5 3 4 2 2 2 4 2 1 3 1 4 20 2 1 0 0 13 5 6 4 6
0 2 3 1 1 4 1 0 14 9 5 1 3 4 11 1 2 6 1 1 6 7 2 0 4 1 2 1 0 31 2 4 1 3 5 2 5 0 3 2 2 2 1 4 1 3 9 3 1 2 0 16 6 6 2 4
0 0 1 2 2 2 0 0 12 12 1 1 1 2 10 3 7 4 0 0 3 2 0 0 2 0 1 0 0 14 0 0 2 6 6 0 2 1 2 3 1 0 0 2 0 1 9 2 0 0 0 5 4 3 2 5
0 0 0 0 1 1 0 0 4 1 0 0 0 0 4 1 1 2 0 0 5 1 1 0 1 0 0 0 0 5 1 2 4 2 2 1 1 0 0 1 1 1 0 1 4 1 7 0 0 0 0 0 1 1 1 1
0 0 0 0 0 1 0 0 1 0 0 0 0 1 3 0 0 0 0 0 0 1 0 0 1 0 1 0 0 2 0 1 2 0 3 0 0 0 0 0 0 0 0 0 1 0 0 0 0 0 0 0 0 0 0 1
