0.3901437435, 0.8338890287, 0.3929880797, 0.5309131459, 0.5624398495, 0.5365142948, 0.3806474157, 0.4412690161, 0.3514555605, 0.4798485624, 0.3608201793, 0.4943527946, 0.4707848021, 0.4359181179, 0.7402088638, 0.759690619, 0.3923934036, 0.5850237075, 0.3996663673, 0.7469725164

2.4929325368, 1.2230643674, 2.4444149884, 1.9790566179, 1.8898163244, 1.9458465162, 2.5728219148, 2.2683781311, 2.6640377109, 2.1839896853, 2.6730733949, 2.0871262497, 2.204220017, 2.3114743831, 1.4216917928, 1.3431698882, 2.5167832956, 1.8043650297, 2.5031695124, 1.379485235

0.4656895193, 0.8482799132, 0.4474964092, 0.5749311784, 0.6087891909, 0.5804169877, 0.4246004518, 0.4874353179, 0.3872448034, 0.5311801868, 0.4058175523, 0.5516946738, 0.5215930379, 0.4852772057, 0.7665823033, 0.770617196, 0.4446635745, 0.625993966, 0.4528622065, 0.7643775051

37.0636556303, 79.219457725, 37.3338675677, 50.4367488594, 53.4317857063, 50.9688580104, 36.1615044957, 41.920556532, 33.388278248, 45.5856134297, 34.2779170319, 46.9635154902, 44.7245561991, 41.4122211974, 70.3198420652, 72.1706088056, 37.2773733435, 55.577252209, 37.9683048916, 70.9623890594

0.4182680679, 0.8511488232, 0.4273295353, 0.5712432811, 0.5980112723, 0.5784956539, 0.4427666106, 0.4837160113, 0.4081319842, 0.5270201921, 0.4167671827, 0.5235272864, 0.5107273129, 0.4848900285, 0.7657109449, 0.7878920768, 0.4295563635, 0.6229629613, 0.4437906314, 0.7715920106

0.4086183923, 0.8272202803, 0.413577666, 0.513781073, 0.5440237674, 0.5238042774, 0.3939861378, 0.4451204239, 0.3778191914, 0.4692732562, 0.3788430705, 0.4853540318, 0.4625810083, 0.4405644686, 0.7196572671, 0.7514562403, 0.4039452067, 0.565670553, 0.4063522085, 0.7355864562

0.0714621064, 0.0165969648, 0.0636374136, 0.0510347178, 0.0467013596, 0.0549772896, 0.046234097, 0.0554556749, 0.0470968883, 0.050474216, 0.048374286, 0.0665863864, 0.0554082936, 0.0533177823, 0.0290480615, 0.0151957489, 0.0525262094, 0.0482375247, 0.0541299304, 0.0199584627

0.867770623, 0.0842646212, 0.7303791078, 0.5156400283, 0.4859903491, 0.5229177033, 0.7570684942, 0.6185988678, 0.7273545045, 0.6413672326, 0.8175794344, 0.6106476671, 0.6619915691, 0.6687769575, 0.2200540828, 0.0965959274, 0.7740363266, 0.4193386616, 0.821801728, 0.136841102

0.003889649, 7.9123e-06, 0.0009471717, 0.0002303223, 0.0005167014, 0.0015331985, 0.0006429199, 0.0002595238, 0.0002328878, 0.001122565, 0.0020843149, 0.0023726672, 0.0012486219, 0.0012126705, 0.0001725814, 1.5106e-05, 0.001203806, 0.0002955747, 0.0010734152, 2.81997e-05

72.954772902, 52.398842292, 40.3807238263, 61.6288716434, 105.100256541, 77.555238525, 45.0855557599, 37.9579313148, 20.408926309, 92.5724163752, 50.7286809183, 62.0878082099, 72.9796721177, 72.9785596041, 86.309867583, 35.6321255222, 59.9040986824, 80.5667032785, 57.222616775, 56.8904544728

0.0092910891, 0.0060487964, 0.0052904663, 0.0079055531, 0.013165069, 0.0099908292, 0.0067591825, 0.0050539319, 0.0030495332, 0.0123731564, 0.007499145, 0.0077154947, 0.0095167354, 0.0100051763, 0.0102337402, 0.0042467281, 0.0079543784, 0.0101224561, 0.007817746, 0.0067260237

0.0027239228, 0.0062436265, 0.0017442466, 0.0043618364, 0.0069434706, 0.0045800384, 0.0020128571, 0.0018888889, 0.0008863666, 0.0050092185, 0.0017468657, 0.0028812976, 0.0037470834, 0.0031999413, 0.008299183, 0.0044711634, 0.0025418345, 0.0058959551, 0.0025520975, 0.0060915958

0.0060249972, -0.0035072257, 0.0043236564, -0.0046618275, -0.0052068994, -0.0071530212, 0.0016480101, -0.0002621157, 0.0039051729, -0.0017343686, 0.0029516216, -0.003126298, -0.001410793, -0.0006741905, -0.0061004593, -0.0020487796, 0.0024163614, -0.0066132395, 0.0026732117, -0.0035809943

-0.1112783567, 0.0345487589, -0.1552421714, 0.1492257938, 0.2283475368, 0.176857589, -0.0764917481, -0.0179459411, -0.2450452534, 0.1353317191, -0.1898891203, 0.05802683, 0.1026657858, 0.0170409807, 0.1589264304, 0.028054051, -0.0642126936, 0.1617978555, 0.0086123896, 0.0678415863

3.56701e-05, 2.7e-08, 6.2954e-06, -2.577e-07, -1.25036e-05, -6.19231e-05, -9.8405e-06, -3.7632e-06, -3.933e-06, -3.67698e-05, -3.0578e-05, -1.806e-07, -6.2531e-06, -3.93415e-05, -1.9509e-06, 4.57e-08, -1.38112e-05, -1.5204e-06, -4.24402e-05, -2.8e-08

-369.451636657, -827.571987607, -89.4557503279, -101.0549752, -1094.21176755, -662.831993529, -102.751812199, -29.4609224777, -14.3099262223, -506.594229954, -86.9886033801, -334.521740773, -460.030691319, -422.646511258, -1811.54658666, -334.480344353, -196.423377869, -538.943066723, -272.681787759, -880.614940117

-0.0005309785, -0.0010264238, -0.0001341492, -0.0001468182, -0.0015340179, -0.0009691457, -0.0001886143, -4.52623e-05, -2.61371e-05, -0.000782814, -0.0001563506, -0.0004634048, -0.00068504, -0.0006784557, -0.0023388933, -0.0004352008, -0.0003005507, -0.000758994, -0.0004354386, -0.0011320472

-9.5725e-05, -0.0009957516, -3.45734e-05, 4.54048e-05, -0.0004323446, -0.0002414486, -1.74859e-05, 2.3433e-06, -9.4354e-06, -8.47132e-05, -9.4749e-06, -4.33375e-05, -0.0001166883, -9.1755e-05, -0.0015192658, -0.0004211459, -2.79193e-05, -0.0002481916, -5.39293e-05, -0.0008795268

0.0097385723, 0.0017449332, 0.0080305002, 0.0062595352, 0.0058452358, 0.0070828153, 0.0047910995, 0.0064167219, 0.0051546367, 0.005716299, 0.0052117251, 0.0085440953, 0.0064581787, 0.0058695722, 0.0034883365, 0.0011302677, 0.0061751049, 0.006222977, 0.0062352173, 0.0020758871

1.6414136643, 0.089451199, 1.1620084399, 0.6724646411, 0.740452375, 0.6461188685, 1.4066291469, 0.8568678502, 1.357571888, 1.0016149948, 1.5422091609, 0.7305790112, 1.0079536792, 0.9867208705, 0.3241866602, 0.0978268146, 1.3908302581, 0.5025524256, 1.6294554381, 0.1624179048

2.12077e-05, 3e-10, 1.7402e-06, 1.701e-07, 1.138e-06, 6.7387e-06, 1.1914e-06, 2.819e-07, 1.826e-07, 4.9218e-06, 6.7526e-06, 8.0818e-06, 3.4005e-06, 3.6938e-06, 1.037e-07, 9e-10, 3.6404e-06, 2.601e-07, 4.1989e-06, 2.1e-09

12702.0992021, 21329.5636723, 3445.6474829, 9087.69511535, 36135.5744397, 16581.61037, 4357.6634972, 3066.05365295, 1117.9304824, 23523.2296755, 4904.78443364, 9244.76648004, 14839.4838944, 13287.1135113, 60406.8441287, 7288.26522673, 8096.37507731, 15532.1937577, 10200.0702532, 24828.0426718

0.0002060162, 0.0002842343, 5.9144e-05, 0.0001495374, 0.0005669878, 0.0002751741, 9.79416e-05, 5.43542e-05, 2.49598e-05, 0.0004202375, 0.0001071856, 0.0001427614, 0.0002523428, 0.0002497408, 0.000849247, 0.000103526, 0.0001427546, 0.0002451847, 0.0001903842, 0.0003470407

1.98456e-05, 0.0002713978, 6.9503e-06, 4.1903e-05, 0.0001256908, 5.19028e-05, 8.9257e-06, 7.4415e-06, 2.5978e-06, 5.31349e-05, 6.4164e-06, 1.94812e-05, 3.41674e-05, 2.40078e-05, 0.0004665926, 9.96045e-05, 1.54693e-05, 7.48209e-05, 1.92027e-05, 0.0002386248

